0 0 1.0
1 11.460330578512398 1.1460330578512399
1 47.98771186440678 4.798771186440678
1 26.650781249999998 2.665078125
1 10.56860465116279 1.056860465116279
1 18.574571428571428 1.857457142857143
1 30.24141791044776 3.024141791044776
1 22.210546875 2.2210546875
1 22.714388489208634 2.2714388489208637
1 18.675746268656717 1.8675746268656717
0 0 1.0
1 25.620229007633586 2.562022900763359
1 20.034 2.0034
1 32.35354609929078 3.2353546099290784
1 35.753623188405804 3.5753623188405808
1 42.74269230769231 4.274269230769231
1 34.137109375 3.4137109375000003
1 68.35471698113207 6.835471698113207
0 0 1.0
1 10.63235294117647 1.063235294117647
1 39.429130434782614 3.9429130434782618
1 20.23 2.023
1 10.005511811023622 1.0005511811023622
1 47.39398496240601 4.739398496240601
0 0 1.0
1 40.88091603053435 4.088091603053435
1 39.15309734513275 3.9153097345132752
1 39.76730769230769 3.976730769230769
1 33.390625 3.3390625000000003
1 18.2827731092437 1.82827731092437
1 11.460330578512398 1.1460330578512399
0 0 1.0
1 43.66467889908256 4.3664678899082565
1 36.49370078740157 3.6493700787401573
1 10.073364485981307 1.0073364485981307
1 35.65555555555556 3.565555555555556
1 40.090370370370366 4.009037037037037
1 20.237301587301587 2.023730158730159
1 22.17905027932961 2.217905027932961
1 25.356048387096777 2.535604838709678
1 12.46824817518248 1.246824817518248
1 22.846449704142014 2.2846449704142016
1 31.63048780487805 3.1630487804878054
1 37.96330935251799 3.796330935251799
1 45.75 4.575
1 54.86467889908257 5.4864678899082575
1 32.88023255813953 3.2880232558139535
1 73.0495 7.30495
1 15.849206349206348 1.5849206349206348
1 21.776190476190475 2.177619047619048
1 27.30348837209302 2.730348837209302
1 28.131884057971018 2.813188405797102
1 14.026428571428573 1.4026428571428573
1 53.4274074074074 5.342740740740741
1 14.844086021505376 1.4844086021505376
1 37.29031007751938 3.729031007751938
1 39.46025641025641 3.9460256410256416
1 38.28307692307692 3.828307692307692
1 29.34922480620155 2.9349224806201555
1 16.026315789473685 1.6026315789473686
1 47.98771186440678 4.798771186440678
1 43.66467889908256 4.3664678899082565
0 0 1.0
1 57.46111111111111 5.746111111111111
1 36.14033613445378 3.6140336134453785
1 69.256640625 6.925664062500001
1 73.83779527559055 7.383779527559056
1 25.526422764227643 2.5526422764227643
1 69.5764 6.957640000000001
1 64.2 6.420000000000001
1 29.408962264150944 2.9408962264150946
1 73.02584745762712 7.302584745762712
1 60.05669291338583 6.005669291338584
1 78.37890625 7.837890625
1 83.14724409448819 8.31472440944882
1 94.66061946902656 9.466061946902656
1 24.492276422764228 2.4492276422764228
1 114.11553398058253 11.411553398058253
1 52.68252032520325 5.2682520325203255
1 57.35511811023621 5.735511811023621
1 12.162735849056602 1.2162735849056603
1 68.43709677419355 6.843709677419355
1 39.13228346456693 3.9132283464566933
1 92.41937984496124 9.241937984496124
0 0 1.0
1 13.392307692307693 1.3392307692307694
1 87.37358490566038 8.737358490566038
1 23.871900826446282 2.3871900826446284
1 16.689915966386557 1.668991596638656
1 61.76298076923077 6.176298076923078
1 26.650781249999998 2.665078125
1 36.49370078740157 3.6493700787401573
1 57.46111111111111 5.746111111111111
0 0 1.0
1 30.244961240310076 3.0244961240310078
1 27.388846153846153 2.7388846153846154
1 23.532677165354333 2.3532677165354334
1 32.87283464566929 3.2872834645669293
1 36.991353383458645 3.6991353383458647
1 37.25192307692308 3.725192307692308
1 36.43582089552238 3.6435820895522384
1 42.95687022900763 4.295687022900763
1 14.685887096774193 1.4685887096774195
1 46.0375939849624 4.60375939849624
1 36.35530303030303 3.635530303030303
1 57.50763358778625 5.7507633587786255
1 35.39230769230769 3.539230769230769
1 80.50041666666667 8.050041666666667
1 27.203149606299213 2.7203149606299215
1 27.70348837209302 2.770348837209302
1 52.77741935483871 5.2777419354838715
1 32.311328124999996 3.2311328125
1 22.093700787401577 2.209370078740158
1 52.216044776119396 5.22160447761194
0 0 1.0
1 47.67115384615384 4.767115384615384
1 55.92701612903226 5.592701612903227
1 39.33432835820895 3.933432835820895
1 40.461832061068705 4.04618320610687
1 43.11732283464567 4.3117322834645675
1 10.56860465116279 1.056860465116279
1 10.073364485981307 1.0073364485981307
1 36.14033613445378 3.6140336134453785
1 30.244961240310076 3.0244961240310078
0 0 1.0
1 33.44671532846715 3.344671532846715
1 38.87259259259259 3.887259259259259
1 11.999624060150376 1.1999624060150376
1 32.669343065693425 3.266934306569343
1 28.612977099236637 2.861297709923664
0 0 1.0
1 36.17896825396826 3.617896825396826
1 26.40111111111111 2.640111111111111
1 42.78394160583941 4.278394160583941
1 45.46557971014493 4.546557971014493
1 54.82520325203252 5.482520325203253
1 24.820229007633586 2.4820229007633587
1 79.20961538461538 7.920961538461538
1 16.075735294117646 1.6075735294117646
1 21.81861313868613 2.181861313868613
1 28.545535714285712 2.8545535714285712
1 29.53661971830986 2.953661971830986
1 8.987704918032787 0.8987704918032787
1 57.572932330827065 5.757293233082707
0 0 1.0
1 30.403759398496238 3.040375939849624
1 50.72083333333333 5.0720833333333335
1 30.683587786259544 3.0683587786259547
1 21.85036764705882 2.1850367647058824
1 24.236206896551728 2.423620689655173
1 18.574571428571428 1.857457142857143
1 35.65555555555556 3.565555555555556
1 69.256640625 6.925664062500001
1 27.388846153846153 2.7388846153846154
1 33.44671532846715 3.344671532846715
0 0 1.0
1 10.501492537313432 1.0501492537313433
1 43.05404411764705 4.305404411764705
1 13.052919708029195 1.3052919708029196
1 16.417985611510794 1.6417985611510795
1 41.78669064748202 4.178669064748202
1 19.60583941605839 1.9605839416058393
1 13.093065693430656 1.3093065693430657
1 19.32956204379562 1.932956204379562
1 12.648134328358207 1.2648134328358207
1 31.26969696969697 3.126969696969697
1 54.001526717557255 5.400152671755726
1 53.14458333333334 5.314458333333334
1 19.231923076923078 1.9231923076923079
1 14.389024390243902 1.4389024390243903
1 61.233858267716535 6.123385826771654
1 8.802991452991453 0.8802991452991453
1 30.60576923076923 3.060576923076923
1 25.479347826086958 2.5479347826086958
0 0 1.0
1 61.91407407407407 6.191407407407407
1 31.76814516129032 3.176814516129032
1 61.957480314960634 6.195748031496064
1 54.399626865671635 5.4399626865671635
1 32.83305785123967 3.2833057851239675
1 30.24141791044776 3.024141791044776
1 40.090370370370366 4.009037037037037
1 73.83779527559055 7.383779527559056
1 23.532677165354333 2.3532677165354334
1 38.87259259259259 3.887259259259259
1 10.501492537313432 1.0501492537313433
0 0 1.0
1 47.04135338345864 4.704135338345864
1 22.957553956834534 2.2957553956834533
1 26.71715328467153 2.671715328467153
1 39.93796296296296 3.9937962962962965
1 28.81514084507042 2.8815140845070424
1 12.620863309352519 1.262086330935252
1 28.932835820895523 2.8932835820895524
1 14.110606060606061 1.4110606060606061
1 39.50220588235294 3.950220588235294
1 56.27109375 5.627109375
1 60.79087301587302 6.079087301587302
1 25.43125 2.543125
1 21.46074074074074 2.146074074074074
1 67.78024193548387 6.778024193548387
1 17.88235294117647 1.7882352941176471
1 33.66450381679389 3.366450381679389
1 31.787022900763358 3.1787022900763358
0 0 1.0
1 64.07740740740739 6.407740740740739
1 40.99653846153846 4.099653846153846
1 59.827067669172926 5.982706766917293
1 56.9160447761194 5.69160447761194
1 40.481395348837204 4.04813953488372
1 22.210546875 2.2210546875
1 20.237301587301587 2.023730158730159
1 25.526422764227643 2.5526422764227643
1 32.87283464566929 3.2872834645669293
1 11.999624060150376 1.1999624060150376
1 43.05404411764705 4.305404411764705
1 47.04135338345864 4.704135338345864
0 0 1.0
1 44.44629629629629 4.444629629629629
1 40.886923076923075 4.088692307692308
1 10.352118644067797 1.0352118644067798
1 47.60697674418604 4.760697674418604
1 33.85375939849624 3.3853759398496237
1 54.03722627737226 5.403722627737227
1 56.27574626865671 5.6275746268656714
1 64.59457364341085 6.459457364341086
1 13.227343750000001 1.3227343750000002
1 92.66084905660377 9.266084905660376
1 27.926335877862595 2.7926335877862596
1 33.35413533834586 3.3354135338345863
1 21.028761061946906 2.1028761061946906
1 41.70777777777778 4.170777777777778
1 13.537769784172662 1.3537769784172662
1 69.06477272727273 6.9064772727272725
0 0 1.0
1 19.279770992366412 1.9279770992366414
1 60.4517094017094 6.045170940170941
1 18.865891472868217 1.8865891472868217
1 11.197286821705426 1.1197286821705426
1 36.67605042016807 3.667605042016807
1 22.714388489208634 2.2714388489208637
1 22.17905027932961 2.217905027932961
1 69.5764 6.957640000000001
1 36.991353383458645 3.6991353383458647
1 32.669343065693425 3.266934306569343
1 13.052919708029195 1.3052919708029196
1 22.957553956834534 2.2957553956834533
1 44.44629629629629 4.444629629629629
0 0 1.0
1 5.995578231292517 0.5995578231292517
1 37.229 3.7229
1 5.797115384615385 0.5797115384615384
1 22.90551470588235 2.2905514705882353
1 10.62781954887218 1.0627819548872182
1 20.817441860465117 2.0817441860465116
1 20.95793650793651 2.095793650793651
1 55.06029411764706 5.506029411764707
1 44.37663551401869 4.437663551401869
1 16.43846153846154 1.643846153846154
1 11.451398601398601 1.1451398601398601
1 50.921768707483 5.0921768707483
1 5.714930555555556 0.5714930555555556
1 30.665357142857143 3.0665357142857146
1 24.205223880597014 2.4205223880597018
0 0 1.0
1 63.49291044776119 6.34929104477612
1 16.87734375 1.6877343750000002
1 60.98529411764705 6.098529411764705
1 55.43395522388059 5.543395522388059
1 23.19625 2.319625
1 18.675746268656717 1.8675746268656717
1 25.356048387096777 2.535604838709678
1 64.2 6.420000000000001
1 37.25192307692308 3.725192307692308
1 28.612977099236637 2.861297709923664
1 16.417985611510794 1.6417985611510795
1 26.71715328467153 2.671715328467153
1 40.886923076923075 4.088692307692308
1 5.995578231292517 0.5995578231292517
0 0 1.0
0 0 1.0
1 8.306666666666667 0.8306666666666667
1 22.258510638297874 2.2258510638297877
1 15.594160583941605 1.5594160583941605
1 23.385906040268456 2.338590604026846
1 24.68266129032258 2.4682661290322585
1 52.06098484848485 5.206098484848486
1 49.1105 4.91105
1 13.212686567164177 1.3212686567164178
1 8.837241379310345 0.8837241379310345
1 51.676744186046506 5.167674418604651
1 9.116546762589929 0.9116546762589929
1 27.59444444444444 2.759444444444444
1 24.098823529411767 2.409882352941177
1 39.011403508771934 3.901140350877194
1 59.47862595419847 5.947862595419847
1 19.902358490566037 1.990235849056604
1 58.56259541984733 5.856259541984733
1 50.904924242424244 5.0904924242424245
1 15.39798387096774 1.5397983870967742
0 0 1.0
1 12.46824817518248 1.246824817518248
1 29.408962264150944 2.9408962264150946
1 36.43582089552238 3.6435820895522384
0 0 1.0
1 41.78669064748202 4.178669064748202
1 39.93796296296296 3.9937962962962965
1 10.352118644067797 1.0352118644067798
1 37.229 3.7229
0 0 1.0
0 0 1.0
1 36.77218543046358 3.677218543046358
0 0 1.0
1 45.32483660130718 4.532483660130718
1 54.331521739130444 5.433152173913045
1 62.49674796747967 6.249674796747968
1 21.892968749999998 2.1892968749999997
0 0 1.0
0 0 1.0
0 0 1.0
0 0 1.0
1 41.02900763358778 4.102900763358778
0 0 1.0
1 61.573076923076925 6.157307692307693
0 0 1.0
1 23.974615384615387 2.3974615384615388
1 54.01794871794872 5.4017948717948725
1 26.507692307692306 2.6507692307692308
1 16.26793893129771 1.6267938931297712
1 31.548648648648644 3.1548648648648645
1 25.620229007633586 2.562022900763359
1 22.846449704142014 2.2846449704142016
1 73.02584745762712 7.302584745762712
1 42.95687022900763 4.295687022900763
1 36.17896825396826 3.617896825396826
1 19.60583941605839 1.9605839416058393
1 28.81514084507042 2.8815140845070424
1 47.60697674418604 4.760697674418604
1 5.797115384615385 0.5797115384615384
1 8.306666666666667 0.8306666666666667
1 36.77218543046358 3.677218543046358
0 0 1.0
1 28.433455882352938 2.843345588235294
0 0 1.0
1 25.729779411764703 2.5729779411764704
1 17.604400000000002 1.7604400000000002
1 59.39692307692307 5.939692307692308
1 41.03636363636363 4.1036363636363635
1 20.638671875 2.0638671875
1 15.348188405797101 1.5348188405797103
1 76.70625000000001 7.670625000000001
1 12.297080291970802 1.2297080291970803
1 34.78636363636363 3.4786363636363635
0 0 1.0
0 0 1.0
1 66.60736434108527 6.660736434108528
1 12.31682242990654 1.2316822429906542
1 64.04586466165414 6.404586466165414
1 58.809765625 5.8809765625
1 24.675789473684212 2.4675789473684215
1 20.034 2.0034
1 31.63048780487805 3.1630487804878054
1 60.05669291338583 6.005669291338584
1 14.685887096774193 1.4685887096774195
1 26.40111111111111 2.640111111111111
1 13.093065693430656 1.3093065693430657
1 12.620863309352519 1.262086330935252
1 33.85375939849624 3.3853759398496237
1 22.90551470588235 2.2905514705882353
1 22.258510638297874 2.2258510638297877
0 0 1.0
1 28.433455882352938 2.843345588235294
0 0 1.0
1 32.59886363636364 3.259886363636364
1 24.15111111111111 2.415111111111111
1 43.29431818181818 4.329431818181818
1 39.2225 3.92225
1 66.07605042016807 6.607605042016807
1 16.18598484848485 1.6185984848484851
1 15.535599999999999 1.55356
1 57.566379310344836 5.756637931034484
1 17.702290076335878 1.7702290076335878
1 20.99606299212598 2.0996062992125983
1 37.86071428571429 3.7860714285714288
0 0 1.0
1 52.714503816793886 5.271450381679389
1 39.87769230769231 3.987769230769231
1 46.043749999999996 4.604375
1 44.509469696969695 4.45094696969697
1 33.52620967741935 3.3526209677419354
1 32.35354609929078 3.2353546099290784
1 37.96330935251799 3.796330935251799
1 78.37890625 7.837890625
1 46.0375939849624 4.60375939849624
1 42.78394160583941 4.278394160583941
1 19.32956204379562 1.932956204379562
1 28.932835820895523 2.8932835820895524
1 54.03722627737226 5.403722627737227
1 10.62781954887218 1.0627819548872182
1 15.594160583941605 1.5594160583941605
1 45.32483660130718 4.532483660130718
0 0 1.0
1 32.59886363636364 3.259886363636364
0 0 1.0
1 19.255839416058393 1.9255839416058393
1 11.77755905511811 1.177755905511811
1 64.50398550724638 6.450398550724639
0 0 1.0
1 26.871785714285714 2.6871785714285714
1 21.599290780141843 2.1599290780141844
1 67.67615384615384 6.767615384615384
1 14.585251798561151 1.4585251798561152
1 40.760357142857146 4.076035714285715
0 0 1.0
1 54.17809917355372 5.417809917355372
1 71.7554347826087 7.17554347826087
1 15.4012 1.54012
1 71.90555555555555 7.190555555555555
1 64.88713235294117 6.488713235294117
1 34.3375 3.43375
1 35.753623188405804 3.5753623188405808
1 45.75 4.575
1 83.14724409448819 8.31472440944882
1 36.35530303030303 3.635530303030303
1 45.46557971014493 4.546557971014493
1 12.648134328358207 1.2648134328358207
1 14.110606060606061 1.4110606060606061
1 56.27574626865671 5.6275746268656714
1 20.817441860465117 2.0817441860465116
1 23.385906040268456 2.338590604026846
1 54.331521739130444 5.433152173913045
1 25.729779411764703 2.5729779411764704
1 24.15111111111111 2.415111111111111
1 19.255839416058393 1.9255839416058393
0 0 1.0
1 30.762213740458012 3.0762213740458013
1 66.46679389312978 6.646679389312978
1 50.4752 5.0475200000000005
1 28.886458333333334 2.8886458333333334
1 23.683916083916085 2.3683916083916086
1 73.953515625 7.3953515625
1 16.558928571428574 1.6558928571428575
1 42.561654135338344 4.256165413533835
1 17.23148148148148 1.723148148148148
0 0 1.0
1 75.44097744360901 7.544097744360902
1 34.85703125 3.485703125
1 73.01692307692308 7.301692307692308
1 66.44407407407407 6.644407407407407
1 40.93702290076335 4.093702290076336
1 42.74269230769231 4.274269230769231
1 54.86467889908257 5.4864678899082575
1 94.66061946902656 9.466061946902656
1 57.50763358778625 5.7507633587786255
1 54.82520325203252 5.482520325203253
1 31.26969696969697 3.126969696969697
1 39.50220588235294 3.950220588235294
1 64.59457364341085 6.459457364341086
1 20.95793650793651 2.095793650793651
1 24.68266129032258 2.4682661290322585
1 62.49674796747967 6.249674796747968
1 17.604400000000002 1.7604400000000002
1 43.29431818181818 4.329431818181818
1 11.77755905511811 1.177755905511811
1 30.762213740458012 3.0762213740458013
0 0 1.0
1 75.73969465648854 7.5739694656488545
1 22.100961538461537 2.2100961538461537
1 37.13192307692308 3.7131923076923083
1 32.25 3.225
1 78.52083333333333 7.852083333333333
1 25.93778625954198 2.593778625954198
1 51.01992481203007 5.101992481203007
1 20.894961240310078 2.0894961240310077
1 58.32008196721311 5.832008196721311
1 84.072265625 8.4072265625
1 12.554508196721311 1.2554508196721312
1 81.19431818181818 8.119431818181818
1 76.41535433070867 7.641535433070867
1 42.41386138613861 4.241386138613861
1 34.137109375 3.4137109375000003
1 32.88023255813953 3.2880232558139535
1 24.492276422764228 2.4492276422764228
1 35.39230769230769 3.539230769230769
1 24.820229007633586 2.4820229007633587
1 54.001526717557255 5.400152671755726
1 56.27109375 5.627109375
1 13.227343750000001 1.3227343750000002
1 55.06029411764706 5.506029411764707
1 52.06098484848485 5.206098484848486
1 21.892968749999998 2.1892968749999997
1 59.39692307692307 5.939692307692308
1 39.2225 3.92225
1 64.50398550724638 6.450398550724639
1 66.46679389312978 6.646679389312978
1 75.73969465648854 7.5739694656488545
0 0 1.0
1 103.50090090090089 10.35009009009009
1 39.25458015267175 3.925458015267175
1 43.162499999999994 4.316249999999999
1 25.101271186440677 2.5101271186440677
1 52.79436090225563 5.2794360902255635
1 24.817054263565893 2.4817054263565894
1 78.24440298507461 7.8244402985074615
0 0 1.0
1 13.40731707317073 1.3407317073170733
1 74.491452991453 7.4491452991453
1 6.066917293233083 0.6066917293233084
1 9.295121951219512 0.9295121951219513
1 49.18048780487805 4.918048780487805
1 68.35471698113207 6.835471698113207
1 73.0495 7.30495
1 114.11553398058253 11.411553398058253
1 80.50041666666667 8.050041666666667
1 79.20961538461538 7.920961538461538
1 53.14458333333334 5.314458333333334
1 60.79087301587302 6.079087301587302
1 92.66084905660377 9.266084905660376
1 44.37663551401869 4.437663551401869
1 49.1105 4.91105
0 0 1.0
1 41.03636363636363 4.1036363636363635
1 66.07605042016807 6.607605042016807
0 0 1.0
1 50.4752 5.0475200000000005
1 22.100961538461537 2.2100961538461537
1 103.50090090090089 10.35009009009009
0 0 1.0
1 60.868348623853215 6.086834862385322
1 55.17633928571428 5.517633928571428
1 94.28603603603602 9.428603603603603
1 49.179203539823014 4.917920353982302
1 76.03125 7.603125
1 41.53214285714285 4.153214285714285
1 81.8145 8.18145
1 110.90229357798164 11.090229357798165
1 29.783684210526317 2.978368421052632
1 107.4969298245614 10.749692982456141
0 0 1.0
1 51.208878504672896 5.12088785046729
0 0 1.0
1 15.849206349206348 1.5849206349206348
1 52.68252032520325 5.2682520325203255
1 27.203149606299213 2.7203149606299215
1 16.075735294117646 1.6075735294117646
1 19.231923076923078 1.9231923076923079
1 25.43125 2.543125
1 27.926335877862595 2.7926335877862596
1 16.43846153846154 1.643846153846154
1 13.212686567164177 1.3212686567164178
0 0 1.0
1 20.638671875 2.0638671875
1 16.18598484848485 1.6185984848484851
1 26.871785714285714 2.6871785714285714
1 28.886458333333334 2.8886458333333334
1 37.13192307692308 3.7131923076923083
1 39.25458015267175 3.925458015267175
1 60.868348623853215 6.086834862385322
0 0 1.0
1 5.584375 0.5584375
1 38.09357142857143 3.8093571428571433
1 14.141197183098592 1.4141197183098593
1 14.869318181818182 1.4869318181818183
1 39.40251798561152 3.940251798561152
0 0 1.0
1 46.441729323308266 4.644172932330827
1 33.68407079646018 3.3684070796460186
1 44.71503759398496 4.471503759398496
1 38.59583333333333 3.859583333333333
1 16.822540983606558 1.682254098360656
1 10.63235294117647 1.063235294117647
1 21.776190476190475 2.177619047619048
1 57.35511811023621 5.735511811023621
1 27.70348837209302 2.770348837209302
1 21.81861313868613 2.181861313868613
1 14.389024390243902 1.4389024390243903
1 21.46074074074074 2.146074074074074
1 33.35413533834586 3.3354135338345863
1 11.451398601398601 1.1451398601398601
1 8.837241379310345 0.8837241379310345
0 0 1.0
1 15.348188405797101 1.5348188405797103
1 15.535599999999999 1.55356
1 21.599290780141843 2.1599290780141844
1 23.683916083916085 2.3683916083916086
1 32.25 3.225
1 43.162499999999994 4.316249999999999
1 55.17633928571428 5.517633928571428
1 5.584375 0.5584375
0 0 1.0
1 51.11416666666667 5.111416666666667
1 8.610357142857143 0.8610357142857143
1 19.482116788321168 1.9482116788321169
1 35.21616541353383 3.5216165413533833
0 0 1.0
1 52.330075187969925 5.233007518796993
1 28.02107438016529 2.802107438016529
1 49.82761194029851 4.982761194029852
1 43.86231343283582 4.386231343283582
1 19.821186440677966 1.9821186440677967
1 39.429130434782614 3.9429130434782618
1 27.30348837209302 2.730348837209302
1 12.162735849056602 1.2162735849056603
1 52.77741935483871 5.2777419354838715
1 28.545535714285712 2.8545535714285712
1 61.233858267716535 6.123385826771654
1 67.78024193548387 6.778024193548387
1 21.028761061946906 2.1028761061946906
1 50.921768707483 5.0921768707483
1 51.676744186046506 5.167674418604651
0 0 1.0
1 76.70625000000001 7.670625000000001
1 57.566379310344836 5.756637931034484
1 67.67615384615384 6.767615384615384
1 73.953515625 7.3953515625
1 78.52083333333333 7.852083333333333
1 25.101271186440677 2.5101271186440677
1 94.28603603603602 9.428603603603603
1 38.09357142857143 3.8093571428571433
1 51.11416666666667 5.111416666666667
0 0 1.0
1 58.13492063492063 5.813492063492063
1 36.52772727272727 3.652772727272727
1 84.43622047244094 8.443622047244094
1 15.958275862068968 1.595827586206897
1 18.746929824561406 1.8746929824561407
1 77.46019417475729 7.746019417475729
1 26.07622950819672 2.6076229508196724
1 14.945491803278689 1.494549180327869
1 49.935922330097085 4.993592233009709
1 20.23 2.023
1 28.131884057971018 2.813188405797102
1 68.43709677419355 6.843709677419355
1 32.311328124999996 3.2311328125
1 29.53661971830986 2.953661971830986
1 8.802991452991453 0.8802991452991453
1 17.88235294117647 1.7882352941176471
1 41.70777777777778 4.170777777777778
1 5.714930555555556 0.5714930555555556
1 9.116546762589929 0.9116546762589929
1 41.02900763358778 4.102900763358778
1 12.297080291970802 1.2297080291970803
1 17.702290076335878 1.7702290076335878
1 14.585251798561151 1.4585251798561152
1 16.558928571428574 1.6558928571428575
1 25.93778625954198 2.593778625954198
1 52.79436090225563 5.2794360902255635
1 49.179203539823014 4.917920353982302
1 14.141197183098592 1.4141197183098593
1 8.610357142857143 0.8610357142857143
1 58.13492063492063 5.813492063492063
0 0 1.0
1 27.92992700729927 2.7929927007299273
1 27.66825396825397 2.7668253968253973
0 0 1.0
1 59.97022058823529 5.9970220588235295
1 22.71526717557252 2.271526717557252
1 58.85676691729323 5.885676691729323
1 52.79067164179104 5.2790671641791045
1 25.106147540983606 2.510614754098361
1 10.005511811023622 1.0005511811023622
1 14.026428571428573 1.4026428571428573
1 39.13228346456693 3.9132283464566933
1 22.093700787401577 2.209370078740158
1 8.987704918032787 0.8987704918032787
1 30.60576923076923 3.060576923076923
1 33.66450381679389 3.366450381679389
1 13.537769784172662 1.3537769784172662
1 30.665357142857143 3.0665357142857146
1 27.59444444444444 2.759444444444444
0 0 1.0
1 34.78636363636363 3.4786363636363635
1 20.99606299212598 2.0996062992125983
1 40.760357142857146 4.076035714285715
1 42.561654135338344 4.256165413533835
1 51.01992481203007 5.101992481203007
1 24.817054263565893 2.4817054263565894
1 76.03125 7.603125
1 14.869318181818182 1.4869318181818183
1 19.482116788321168 1.9482116788321169
1 36.52772727272727 3.652772727272727
1 27.92992700729927 2.7929927007299273
0 0 1.0
1 54.096666666666664 5.409666666666666
0 0 1.0
1 33.19015151515151 3.3190151515151514
1 48.2385593220339 4.82385593220339
1 31.07170542635659 3.107170542635659
1 24.52444444444444 2.452444444444444
1 28.15042016806723 2.815042016806723
1 47.39398496240601 4.739398496240601
1 53.4274074074074 5.342740740740741
1 92.41937984496124 9.241937984496124
1 52.216044776119396 5.22160447761194
1 57.572932330827065 5.757293233082707
1 25.479347826086958 2.5479347826086958
1 31.787022900763358 3.1787022900763358
1 69.06477272727273 6.9064772727272725
1 24.205223880597014 2.4205223880597018
1 24.098823529411767 2.409882352941177
1 61.573076923076925 6.157307692307693
0 0 1.0
1 37.86071428571429 3.7860714285714288
0 0 1.0
1 17.23148148148148 1.723148148148148
1 20.894961240310078 2.0894961240310077
1 78.24440298507461 7.8244402985074615
1 41.53214285714285 4.153214285714285
1 39.40251798561152 3.940251798561152
1 35.21616541353383 3.5216165413533833
1 84.43622047244094 8.443622047244094
1 27.66825396825397 2.7668253968253973
1 54.096666666666664 5.409666666666666
0 0 1.0
0 0 1.0
1 86.87910447761195 8.687910447761196
1 31.120564516129033 3.1120564516129035
1 84.8781954887218 8.48781954887218
1 79.39586466165413 7.939586466165413
1 48.46926229508197 4.846926229508197
0 0 1.0
1 14.844086021505376 1.4844086021505376
0 0 1.0
0 0 1.0
0 0 1.0
0 0 1.0
0 0 1.0
0 0 1.0
0 0 1.0
1 39.011403508771934 3.901140350877194
0 0 1.0
0 0 1.0
0 0 1.0
1 54.17809917355372 5.417809917355372
0 0 1.0
1 58.32008196721311 5.832008196721311
0 0 1.0
1 81.8145 8.18145
0 0 1.0
0 0 1.0
1 15.958275862068968 1.595827586206897
0 0 1.0
0 0 1.0
0 0 1.0
0 0 1.0
1 36.31681818181818 3.631681818181818
1 51.03198198198198 5.103198198198198
0 0 1.0
0 0 1.0
1 31.82303370786517 3.182303370786517
1 40.88091603053435 4.088091603053435
1 37.29031007751938 3.729031007751938
1 13.392307692307693 1.3392307692307694
1 47.67115384615384 4.767115384615384
1 30.403759398496238 3.040375939849624
1 61.91407407407407 6.191407407407407
1 64.07740740740739 6.407740740740739
1 19.279770992366412 1.9279770992366414
1 63.49291044776119 6.34929104477612
1 59.47862595419847 5.947862595419847
1 23.974615384615387 2.3974615384615388
1 66.60736434108527 6.660736434108528
1 52.714503816793886 5.271450381679389
1 71.7554347826087 7.17554347826087
1 75.44097744360901 7.544097744360902
1 84.072265625 8.4072265625
1 13.40731707317073 1.3407317073170733
1 110.90229357798164 11.090229357798165
1 46.441729323308266 4.644172932330827
1 52.330075187969925 5.233007518796993
1 18.746929824561406 1.8746929824561407
1 59.97022058823529 5.9970220588235295
1 33.19015151515151 3.3190151515151514
1 86.87910447761195 8.687910447761196
1 36.31681818181818 3.631681818181818
0 0 1.0
1 79.88983050847457 7.988983050847458
1 10.208396946564884 1.0208396946564884
1 8.522834645669292 0.8522834645669293
1 53.372983870967744 5.337298387096775
1 39.15309734513275 3.9153097345132752
1 39.46025641025641 3.9460256410256416
1 87.37358490566038 8.737358490566038
1 55.92701612903226 5.592701612903227
1 50.72083333333333 5.0720833333333335
1 31.76814516129032 3.176814516129032
1 40.99653846153846 4.099653846153846
1 60.4517094017094 6.045170940170941
1 16.87734375 1.6877343750000002
1 19.902358490566037 1.990235849056604
1 54.01794871794872 5.4017948717948725
1 12.31682242990654 1.2316822429906542
1 39.87769230769231 3.987769230769231
1 15.4012 1.54012
1 34.85703125 3.485703125
1 12.554508196721311 1.2554508196721312
1 74.491452991453 7.4491452991453
1 29.783684210526317 2.978368421052632
1 33.68407079646018 3.3684070796460186
1 28.02107438016529 2.802107438016529
1 77.46019417475729 7.746019417475729
1 22.71526717557252 2.271526717557252
1 48.2385593220339 4.82385593220339
1 31.120564516129033 3.1120564516129035
1 51.03198198198198 5.103198198198198
1 79.88983050847457 7.988983050847458
0 0 1.0
1 79.12291666666667 7.912291666666667
1 71.73504273504274 7.173504273504275
1 29.29381443298969 2.9293814432989693
1 39.76730769230769 3.976730769230769
1 38.28307692307692 3.828307692307692
1 23.871900826446282 2.3871900826446284
1 39.33432835820895 3.933432835820895
1 30.683587786259544 3.0683587786259547
1 61.957480314960634 6.195748031496064
1 59.827067669172926 5.982706766917293
1 18.865891472868217 1.8865891472868217
1 60.98529411764705 6.098529411764705
1 58.56259541984733 5.856259541984733
1 26.507692307692306 2.6507692307692308
1 64.04586466165414 6.404586466165414
1 46.043749999999996 4.604375
1 71.90555555555555 7.190555555555555
1 73.01692307692308 7.301692307692308
1 81.19431818181818 8.119431818181818
1 6.066917293233083 0.6066917293233084
1 107.4969298245614 10.749692982456141
1 44.71503759398496 4.471503759398496
1 49.82761194029851 4.982761194029852
1 26.07622950819672 2.6076229508196724
1 58.85676691729323 5.885676691729323
1 31.07170542635659 3.107170542635659
1 84.8781954887218 8.48781954887218
0 0 1.0
1 10.208396946564884 1.0208396946564884
1 79.12291666666667 7.912291666666667
0 0 1.0
1 10.647426470588234 1.0647426470588235
1 54.813709677419354 5.4813709677419356
1 33.390625 3.3390625000000003
1 29.34922480620155 2.9349224806201555
1 16.689915966386557 1.668991596638656
1 40.461832061068705 4.04618320610687
1 21.85036764705882 2.1850367647058824
1 54.399626865671635 5.4399626865671635
1 56.9160447761194 5.69160447761194
1 11.197286821705426 1.1197286821705426
1 55.43395522388059 5.543395522388059
1 50.904924242424244 5.0904924242424245
1 16.26793893129771 1.6267938931297712
1 58.809765625 5.8809765625
1 44.509469696969695 4.45094696969697
1 64.88713235294117 6.488713235294117
1 66.44407407407407 6.644407407407407
1 76.41535433070867 7.641535433070867
1 9.295121951219512 0.9295121951219513
0 0 1.0
1 38.59583333333333 3.859583333333333
1 43.86231343283582 4.386231343283582
1 14.945491803278689 1.494549180327869
1 52.79067164179104 5.2790671641791045
1 24.52444444444444 2.452444444444444
1 79.39586466165413 7.939586466165413
0 0 1.0
1 8.522834645669292 0.8522834645669293
1 71.73504273504274 7.173504273504275
1 10.647426470588234 1.0647426470588235
0 0 1.0
1 45.59512195121951 4.559512195121951
1 18.2827731092437 1.82827731092437
1 16.026315789473685 1.6026315789473686
1 61.76298076923077 6.176298076923078
1 43.11732283464567 4.3117322834645675
1 24.236206896551728 2.423620689655173
1 32.83305785123967 3.2833057851239675
1 40.481395348837204 4.04813953488372
1 36.67605042016807 3.667605042016807
1 23.19625 2.319625
1 15.39798387096774 1.5397983870967742
1 31.548648648648644 3.1548648648648645
1 24.675789473684212 2.4675789473684215
1 33.52620967741935 3.3526209677419354
1 34.3375 3.43375
1 40.93702290076335 4.093702290076336
1 42.41386138613861 4.241386138613861
1 49.18048780487805 4.918048780487805
1 51.208878504672896 5.12088785046729
1 16.822540983606558 1.682254098360656
1 19.821186440677966 1.9821186440677967
1 49.935922330097085 4.993592233009709
1 25.106147540983606 2.510614754098361
1 28.15042016806723 2.815042016806723
1 48.46926229508197 4.846926229508197
1 31.82303370786517 3.182303370786517
1 53.372983870967744 5.337298387096775
1 29.29381443298969 2.9293814432989693
1 54.813709677419354 5.4813709677419356
1 45.59512195121951 4.559512195121951
0 0 1.0
