30
174.8323 -36.6002
174.5224 -36.6057
173.9065 -35.9078
175.4578 -36.2502
174.6165 -36.4269
175.4636 -36.8919
175.7209 -36.7452
174.5383 -36.1463
175.1612 -37.1041
174.982944 -37.034644
174.374467 -36.321969
174.989542 -37.191733
175.391024 -36.573946
175.270457 -37.343371
175.764505 -37.079043
175.103433 -37.57773
174.56879 -35.842129
174.784366 -37.905357
174.947292 -36.716848
175.077896 -36.816657
174.011005 -36.124113
175.258845 -36.978135
174.851229 -36.371693
175.70459 -37.495511
174.246076 -36.495247
174.2131 -35.7757
174.8411 -37.3975
174.4972 -35.7089
174.3450 -35.9386
174.5734 -36.9324