0 0 1.0
1 12.1640350877193 1.21640350877193
1 20.442418772563176 2.044241877256318
1 28.427500000000002 2.8427500000000006
1 8.574528301886792 0.8574528301886792
1 28.02198275862069 2.8021982758620694
1 34.34194915254238 3.434194915254238
1 21.868846153846153 2.1868846153846153
1 21.18993288590604 2.118993288590604
1 21.208050847457628 2.1208050847457627
0 0 1.0
0 0 1.0
1 22.161504424778762 2.2161504424778764
1 29.816013071895423 2.9816013071895426
1 44.45045045045045 4.4450450450450445
1 50.97752293577981 5.097752293577981
1 34.67896825396826 3.467896825396826
1 71.73861386138614 7.173861386138615
0 0 1.0
1 13.334016393442623 1.3334016393442623
1 38.103781512605046 3.8103781512605046
1 22.477777777777778 2.247777777777778
1 11.049565217391306 1.1049565217391306
1 50.026984126984125 5.002698412698413
0 0 1.0
1 39.669629629629625 3.966962962962963
1 45.611340206185574 4.5611340206185575
1 41.358 4.1358
1 33.920634920634924 3.3920634920634924
1 22.42938144329897 2.242938144329897
1 12.1640350877193 1.21640350877193
0 0 1.0
1 45.763942307692304 4.576394230769231
1 37.376612903225805 3.7376612903225808
1 10.7785 1.07785
1 43.61747572815534 4.361747572815534
1 41.31450381679389 4.131450381679389
1 21.427731092436975 2.1427731092436977
1 39.30742574257425 3.9307425742574256
1 33.80806451612903 3.3808064516129033
1 16.58398058252427 1.658398058252427
0 0 1.0
1 41.83387096774194 4.183387096774194
0 0 1.0
1 55.73181818181818 5.573181818181818
0 0 1.0
0 0 1.0
1 97.39933333333333 9.739933333333333
1 17.990990990990987 1.7990990990990987
1 26.63883495145631 2.6638834951456314
1 29.35125 2.935125
1 36.973333333333336 3.697333333333334
1 21.344565217391303 2.1344565217391303
0 0 1.0
0 0 1.0
1 36.72099236641221 3.6720992366412215
1 87.11037735849057 8.711037735849057
1 40.46178861788618 4.046178861788618
1 31.033196721311477 3.103319672131148
1 19.64516129032258 1.9645161290322581
1 20.442418772563176 2.044241877256318
1 45.763942307692304 4.576394230769231
0 0 1.0
0 0 1.0
1 35.839166666666664 3.5839166666666666
1 70.9188 7.091880000000001
1 72.69302325581396 7.269302325581396
1 43.01027397260274 4.301027397260274
1 71.28729508196722 7.128729508196722
1 88.7258426966292 8.872584269662921
1 34.63722222222222 3.463722222222222
1 67.32070312500001 6.732070312500001
1 59.587500000000006 5.958750000000001
1 77.17307692307692 7.717307692307692
1 85.85121951219512 8.585121951219511
1 116.26793478260869 11.62679347826087
1 26.897767857142853 2.6897767857142854
1 146.92374999999998 14.692374999999998
1 51.02322834645669 5.102322834645669
1 56.907031249999996 5.690703125
1 18.158450704225352 1.8158450704225353
1 71.3126050420168 7.131260504201681
1 49.698 4.9698
1 93.14140625 9.314140625
0 0 1.0
1 15.066346153846153 1.5066346153846153
1 115.77 11.577
1 37.51298701298701 3.751298701298701
1 19.664356435643565 1.9664356435643566
1 53.97773109243698 5.3977731092436985
1 28.427500000000002 2.8427500000000006
1 37.376612903225805 3.7376612903225808
0 0 1.0
0 0 1.0
1 34.52743362831858 3.4527433628318587
1 37.0890625 3.70890625
1 25.764224137931038 2.5764224137931038
0 0 1.0
1 38.73897637795276 3.873897637795276
1 39.05443548387097 3.905443548387097
1 43.98558558558558 4.398558558558558
1 40.77789855072464 4.0777898550724645
1 23.34679487179487 2.334679487179487
1 46.0375939849624 4.60375939849624
1 38.3912 3.83912
1 56.220149253731336 5.622014925373134
1 41.45045045045045 4.145045045045045
1 74.88410852713177 7.488410852713177
1 29.27796610169492 2.927796610169492
1 30.031512605042014 3.0031512605042017
1 54.53666666666667 5.453666666666667
1 43.99840425531915 4.399840425531916
1 24.830973451327438 2.483097345132744
1 48.589930555555554 4.858993055555556
0 0 1.0
1 55.33258928571428 5.533258928571428
1 54.60590551181103 5.460590551181103
1 46.644247787610624 4.664424778761062
1 43.446721311475414 4.344672131147542
0 0 1.0
1 8.574528301886792 0.8574528301886792
1 10.7785 1.07785
1 35.839166666666664 3.5839166666666666
1 34.52743362831858 3.4527433628318587
0 0 1.0
1 31.820833333333336 3.182083333333334
0 0 1.0
1 13.189669421487604 1.3189669421487604
1 39.607964601769915 3.960796460176992
1 29.514173228346454 2.9514173228346454
0 0 1.0
1 32.1024647887324 3.21024647887324
1 33.94428571428571 3.3944285714285716
1 40.704166666666666 4.070416666666667
1 38.97049689440993 3.8970496894409936
1 64.84134615384616 6.484134615384616
1 25.805158730158727 2.580515873015873
1 92.55955056179775 9.255955056179776
1 19.875454545454545 1.9875454545454545
1 20.903146853146854 2.0903146853146857
1 32.2939393939394 3.22939393939394
0 0 1.0
1 9.618421052631579 0.9618421052631579
1 50.70993377483444 5.070993377483444
0 0 1.0
1 31.346511627906974 3.1346511627906977
0 0 1.0
1 32.41572580645162 3.241572580645162
1 22.5125 2.25125
1 26.274766355140187 2.627476635514019
1 28.02198275862069 2.8021982758620694
1 43.61747572815534 4.361747572815534
1 70.9188 7.091880000000001
1 37.0890625 3.70890625
1 31.820833333333336 3.182083333333334
0 0 1.0
1 11.825210084033614 1.1825210084033615
1 45.04115384615385 4.5041153846153845
1 14.306000000000001 1.4306
1 21.529245283018867 2.1529245283018867
0 0 1.0
1 21.661290322580644 2.1661290322580644
1 15.331196581196583 1.5331196581196584
1 24.749065420560747 2.474906542056075
1 15.989150943396226 1.5989150943396226
1 37.52363636363636 3.7523636363636363
1 57.513821138211384 5.751382113821139
1 68.57365591397848 6.857365591397849
1 20.834583333333335 2.0834583333333336
1 15.662389380530975 1.5662389380530977
1 29.235714285714284 2.9235714285714285
1 10.618041237113403 1.0618041237113403
1 32.61270491803279 3.261270491803279
1 26.045555555555552 2.6045555555555553
0 0 1.0
1 67.95447154471545 6.795447154471545
1 32.02642276422764 3.2026422764227642
1 61.957480314960634 6.195748031496064
1 56.07346153846154 5.607346153846154
0 0 1.0
1 34.34194915254238 3.434194915254238
1 41.31450381679389 4.131450381679389
1 72.69302325581396 7.269302325581396
1 25.764224137931038 2.5764224137931038
0 0 1.0
1 11.825210084033614 1.1825210084033615
0 0 1.0
1 36.58771929824562 3.658771929824562
1 28.239823008849562 2.8239823008849565
1 32.391592920353986 3.239159292035399
1 51.7596 5.17596
0 0 1.0
1 13.923015873015872 1.3923015873015874
1 34.00877192982457 3.400877192982457
1 19.402083333333334 1.9402083333333335
1 46.71565217391305 4.671565217391305
1 58.086290322580645 5.8086290322580645
1 69.63318181818182 6.963318181818183
1 30.07521739130435 3.007521739130435
1 25.86785714285714 2.586785714285714
1 66.70436507936508 6.6704365079365076
1 20.965517241379313 2.0965517241379312
1 31.72697841726619 3.172697841726619
1 40.03942307692307 4.0039423076923075
0 0 1.0
0 0 1.0
1 33.5191823899371 3.35191823899371
1 71.68468468468467 7.168468468468467
1 57.778409090909086 5.777840909090909
1 50.21249999999999 5.021249999999999
1 21.868846153846153 2.1868846153846153
1 21.427731092436975 2.1427731092436977
1 43.01027397260274 4.301027397260274
0 0 1.0
1 13.189669421487604 1.3189669421487604
1 45.04115384615385 4.5041153846153845
1 36.58771929824562 3.658771929824562
0 0 1.0
1 46.15576923076923 4.615576923076923
1 43.21382113821138 4.321382113821138
1 11.004954954954954 1.1004954954954955
1 50.338524590163935 5.033852459016394
1 31.932978723404258 3.193297872340426
1 56.08409090909091 5.608409090909092
1 60.3276 6.03276
1 75.06936936936935 7.506936936936936
1 14.722608695652175 1.4722608695652175
0 0 1.0
1 28.805905511811023 2.8805905511811023
1 34.657031249999996 3.4657031249999997
1 21.800458715596328 2.1800458715596327
1 44.33503937007874 4.433503937007874
1 10.282786885245901 1.0282786885245903
1 62.87275862068965 6.287275862068966
0 0 1.0
1 18.98984962406015 1.8989849624060149
1 69.34166666666667 6.934166666666667
1 20.62457627118644 2.0624576271186443
1 11.111153846153845 1.1111153846153845
1 41.56619047619048 4.156619047619048
1 21.18993288590604 2.118993288590604
1 39.30742574257425 3.9307425742574256
1 71.28729508196722 7.128729508196722
1 38.73897637795276 3.873897637795276
1 39.607964601769915 3.960796460176992
1 14.306000000000001 1.4306
1 28.239823008849562 2.8239823008849565
1 46.15576923076923 4.615576923076923
0 0 1.0
1 7.46906779661017 0.746906779661017
0 0 1.0
1 7.473966942148761 0.7473966942148761
1 28.06441441441441 2.806441441441441
1 12.508849557522124 1.2508849557522126
1 24.19324324324324 2.4193243243243243
1 23.57767857142857 2.357767857142857
1 59.90560000000001 5.990560000000001
1 49.98210526315789 4.998210526315789
1 16.790714285714287 1.6790714285714288
1 13.206048387096773 1.3206048387096774
1 48.92483660130719 4.892483660130719
1 6.1875939849624055 0.6187593984962406
1 33.28023255813953 3.328023255813953
1 30.599056603773587 3.0599056603773587
0 0 1.0
1 64.45492424242424 6.445492424242424
1 22.740000000000002 2.2740000000000005
1 62.83333333333333 6.283333333333333
1 58.032421875 5.8032421875
1 30.255978260869565 3.0255978260869565
1 21.208050847457628 2.1208050847457627
1 33.80806451612903 3.3808064516129033
1 88.7258426966292 8.872584269662921
1 39.05443548387097 3.905443548387097
1 29.514173228346454 2.9514173228346454
1 21.529245283018867 2.1529245283018867
1 32.391592920353986 3.239159292035399
1 43.21382113821138 4.321382113821138
1 7.46906779661017 0.746906779661017
0 0 1.0
0 0 1.0
1 7.518965517241379 0.7518965517241379
1 32.35515463917526 3.235515463917526
1 19.246846846846847 1.9246846846846848
1 31.96788990825688 3.196788990825688
1 31.231122448979594 3.1231122448979596
1 54.540079365079364 5.454007936507937
1 56.448850574712644 5.644885057471265
1 14.632231404958677 1.4632231404958678
1 10.5900826446281 1.05900826446281
1 73.25604395604395 7.325604395604396
1 10.830769230769231 1.0830769230769233
1 30.53483606557377 3.053483606557377
1 37.24363636363636 3.7243636363636363
0 0 1.0
1 62.836290322580645 6.283629032258065
1 28.128666666666664 2.8128666666666664
1 60.88650793650793 6.088650793650793
1 52.495703125000006 5.249570312500001
1 22.73035714285714 2.2730357142857143
0 0 1.0
1 16.58398058252427 1.658398058252427
1 34.63722222222222 3.463722222222222
1 43.98558558558558 4.398558558558558
0 0 1.0
0 0 1.0
1 51.7596 5.17596
1 11.004954954954954 1.1004954954954955
0 0 1.0
0 0 1.0
0 0 1.0
1 43.721259842519686 4.372125984251968
0 0 1.0
1 45.62302631578947 4.562302631578947
1 51.70862068965518 5.170862068965518
1 72.51981132075471 7.251981132075471
1 21.892968749999998 2.1892968749999997
0 0 1.0
0 0 1.0
0 0 1.0
0 0 1.0
1 55.41030927835052 5.5410309278350525
0 0 1.0
0 0 1.0
0 0 1.0
1 25.13467741935484 2.513467741935484
1 68.69673913043478 6.869673913043478
1 28.47933884297521 2.8479338842975213
1 17.468032786885246 1.7468032786885246
1 30.990265486725665 3.0990265486725668
0 0 1.0
0 0 1.0
1 67.32070312500001 6.732070312500001
1 40.77789855072464 4.0777898550724645
1 32.1024647887324 3.21024647887324
1 21.661290322580644 2.1661290322580644
0 0 1.0
1 50.338524590163935 5.033852459016394
1 7.473966942148761 0.7473966942148761
1 7.518965517241379 0.7518965517241379
1 43.721259842519686 4.372125984251968
0 0 1.0
1 29.976356589147287 2.997635658914729
0 0 1.0
1 33.64663461538461 3.3646634615384614
0 0 1.0
1 55.9536231884058 5.59536231884058
1 45.647191011235954 4.564719101123596
1 21.832644628099175 2.1832644628099174
1 17.21991869918699 1.7219918699186991
1 68.18333333333334 6.818333333333334
1 13.92314049586777 1.3923140495867772
1 33.76323529411764 3.3763235294117644
0 0 1.0
0 0 1.0
1 69.85650406504065 6.985650406504066
1 16.47375 1.647375
1 66.54765625 6.6547656250000005
1 56.598872180451124 5.659887218045113
1 30.444155844155844 3.0444155844155847
1 22.161504424778762 2.2161504424778764
1 41.83387096774194 4.183387096774194
1 59.587500000000006 5.958750000000001
1 23.34679487179487 2.334679487179487
1 33.94428571428571 3.3944285714285716
1 15.331196581196583 1.5331196581196584
1 13.923015873015872 1.3923015873015874
1 31.932978723404258 3.193297872340426
1 28.06441441441441 2.806441441441441
1 32.35515463917526 3.235515463917526
0 0 1.0
1 29.976356589147287 2.997635658914729
0 0 1.0
1 35.85875000000001 3.585875000000001
1 26.945454545454545 2.694545454545455
1 44.647265624999996 4.4647265625
1 31.19971590909091 3.119971590909091
1 76.34029126213592 7.634029126213592
1 19.782870370370368 1.978287037037037
1 18.672596153846154 1.8672596153846155
1 33.55628140703518 3.355628140703518
1 20.342105263157897 2.03421052631579
1 21.85655737704918 2.185655737704918
0 0 1.0
0 0 1.0
1 57.54666666666667 5.754666666666667
1 40.186821705426354 4.018682170542635
1 48.168846153846154 4.816884615384616
1 51.08913043478261 5.108913043478261
1 32.478515625 3.2478515625
1 29.816013071895423 2.9816013071895426
0 0 1.0
1 77.17307692307692 7.717307692307692
1 46.0375939849624 4.60375939849624
1 40.704166666666666 4.070416666666667
1 24.749065420560747 2.474906542056075
1 34.00877192982457 3.400877192982457
1 56.08409090909091 5.608409090909092
1 12.508849557522124 1.2508849557522126
1 19.246846846846847 1.9246846846846848
1 45.62302631578947 4.562302631578947
0 0 1.0
1 35.85875000000001 3.585875000000001
0 0 1.0
1 26.91887755102041 2.6918877551020413
1 13.236725663716815 1.3236725663716815
1 74.17958333333334 7.417958333333335
0 0 1.0
1 26.125347222222224 2.6125347222222226
1 26.02991452991453 2.6029914529914535
1 69.2748031496063 6.92748031496063
1 15.838671875 1.5838671875
0 0 1.0
0 0 1.0
0 0 1.0
1 75.58969465648855 7.558969465648855
1 21.155494505494506 2.1155494505494508
1 71.90555555555555 7.190555555555555
1 67.36374045801526 6.736374045801526
1 40.4821052631579 4.04821052631579
1 44.45045045045045 4.4450450450450445
1 55.73181818181818 5.573181818181818
1 85.85121951219512 8.585121951219511
1 38.3912 3.83912
1 38.97049689440993 3.8970496894409936
1 15.989150943396226 1.5989150943396226
1 19.402083333333334 1.9402083333333335
1 60.3276 6.03276
1 24.19324324324324 2.4193243243243243
1 31.96788990825688 3.196788990825688
1 51.70862068965518 5.170862068965518
1 33.64663461538461 3.3646634615384614
1 26.945454545454545 2.694545454545455
1 26.91887755102041 2.6918877551020413
0 0 1.0
1 35.04217391304348 3.5042173913043477
1 59.63801369863014 5.963801369863014
0 0 1.0
1 35.859051724137935 3.585905172413794
1 31.65233644859813 3.1652336448598133
1 71.17330827067669 7.1173308270676685
1 21.870283018867923 2.187028301886792
1 41.318978102189774 4.131897810218978
1 21.94575471698113 2.1945754716981134
0 0 1.0
1 79.00511811023622 7.900511811023623
1 45.99690721649485 4.599690721649485
0 0 1.0
1 65.95551470588235 6.595551470588235
0 0 1.0
1 50.97752293577981 5.097752293577981
0 0 1.0
1 116.26793478260869 11.62679347826087
1 56.220149253731336 5.622014925373134
1 64.84134615384616 6.484134615384616
1 37.52363636363636 3.7523636363636363
1 46.71565217391305 4.671565217391305
1 75.06936936936935 7.506936936936936
1 23.57767857142857 2.357767857142857
1 31.231122448979594 3.1231122448979596
1 72.51981132075471 7.251981132075471
0 0 1.0
1 44.647265624999996 4.4647265625
1 13.236725663716815 1.3236725663716815
1 35.04217391304348 3.5042173913043477
0 0 1.0
1 82.6825 8.26825
1 25.538888888888888 2.553888888888889
1 43.48783783783784 4.348783783783784
1 37.38716814159292 3.7387168141592926
1 105.87078651685393 10.587078651685394
1 29.546521739130434 2.9546521739130434
1 58.49698275862069 5.849698275862069
1 26.687623762376237 2.668762376237624
0 0 1.0
1 91.97649572649573 9.197649572649572
1 15.79020618556701 1.579020618556701
1 85.7412 8.57412
1 83.66163793103449 8.36616379310345
1 56.36578947368421 5.636578947368421
1 34.67896825396826 3.467896825396826
0 0 1.0
1 26.897767857142853 2.6897767857142854
1 41.45045045045045 4.145045045045045
1 25.805158730158727 2.580515873015873
1 57.513821138211384 5.751382113821139
1 58.086290322580645 5.8086290322580645
1 14.722608695652175 1.4722608695652175
1 59.90560000000001 5.990560000000001
1 54.540079365079364 5.454007936507937
1 21.892968749999998 2.1892968749999997
1 55.9536231884058 5.59536231884058
1 31.19971590909091 3.119971590909091
1 74.17958333333334 7.417958333333335
1 59.63801369863014 5.963801369863014
1 82.6825 8.26825
0 0 1.0
0 0 1.0
1 41.138799999999996 4.11388
1 48.11557377049181 4.811557377049181
1 25.315811965811967 2.5315811965811967
1 54.856640625 5.4856640625
1 27.362393162393168 2.736239316239317
1 83.21230158730158 8.321230158730158
0 0 1.0
1 13.517213114754098 1.3517213114754099
1 82.22169811320754 8.222169811320754
1 6.560162601626017 0.6560162601626017
1 9.448760330578512 0.9448760330578513
1 54.49729729729729 5.449729729729729
1 71.73861386138614 7.173861386138615
1 97.39933333333333 9.739933333333333
1 146.92374999999998 14.692374999999998
1 74.88410852713177 7.488410852713177
1 92.55955056179775 9.255955056179776
1 68.57365591397848 6.857365591397849
1 69.63318181818182 6.963318181818183
0 0 1.0
1 49.98210526315789 4.998210526315789
1 56.448850574712644 5.644885057471265
0 0 1.0
1 45.647191011235954 4.564719101123596
1 76.34029126213592 7.634029126213592
0 0 1.0
0 0 1.0
1 25.538888888888888 2.553888888888889
0 0 1.0
0 0 1.0
1 65.68960396039604 6.568960396039604
1 63.058673469387756 6.305867346938776
1 135.91883116883116 13.591883116883118
1 53.953883495145625 5.395388349514563
1 81.8798076923077 8.18798076923077
0 0 1.0
0 0 1.0
1 134.315 13.4315
1 33.28764705882353 3.328764705882353
0 0 1.0
1 109.77475247524752 10.977475247524753
1 77.17394366197183 7.717394366197183
0 0 1.0
1 17.990990990990987 1.7990990990990987
1 51.02322834645669 5.102322834645669
1 29.27796610169492 2.927796610169492
1 19.875454545454545 1.9875454545454545
1 20.834583333333335 2.0834583333333336
1 30.07521739130435 3.007521739130435
1 28.805905511811023 2.8805905511811023
1 16.790714285714287 1.6790714285714288
1 14.632231404958677 1.4632231404958678
0 0 1.0
1 21.832644628099175 2.1832644628099174
1 19.782870370370368 1.978287037037037
1 26.125347222222224 2.6125347222222226
1 35.859051724137935 3.585905172413794
1 43.48783783783784 4.348783783783784
1 41.138799999999996 4.11388
1 65.68960396039604 6.568960396039604
0 0 1.0
1 6.48508064516129 0.648508064516129
0 0 1.0
1 16.193951612903227 1.6193951612903228
1 15.957317073170733 1.5957317073170734
1 44.89303278688525 4.489303278688525
0 0 1.0
1 49.414 4.941400000000001
1 42.76741573033708 4.276741573033708
1 47.96048387096774 4.796048387096774
1 41.7594262295082 4.17594262295082
0 0 1.0
1 13.334016393442623 1.3334016393442623
1 26.63883495145631 2.6638834951456314
1 56.907031249999996 5.690703125
1 30.031512605042014 3.0031512605042017
1 20.903146853146854 2.0903146853146857
1 15.662389380530975 1.5662389380530977
1 25.86785714285714 2.586785714285714
1 34.657031249999996 3.4657031249999997
1 13.206048387096773 1.3206048387096774
1 10.5900826446281 1.05900826446281
0 0 1.0
1 17.21991869918699 1.7219918699186991
1 18.672596153846154 1.8672596153846155
1 26.02991452991453 2.6029914529914535
1 31.65233644859813 3.1652336448598133
1 37.38716814159292 3.7387168141592926
1 48.11557377049181 4.811557377049181
1 63.058673469387756 6.305867346938776
1 6.48508064516129 0.648508064516129
0 0 1.0
1 35.869590643274854 3.586959064327486
1 9.567063492063493 0.9567063492063493
1 21.524596774193547 2.1524596774193547
1 50.910326086956516 5.091032608695652
0 0 1.0
1 54.80236220472441 5.480236220472442
1 37.67277777777778 3.767277777777778
1 51.360769230769236 5.136076923076924
1 47.0204 4.70204
1 24.363541666666666 2.436354166666667
1 38.103781512605046 3.8103781512605046
1 29.35125 2.935125
1 18.158450704225352 1.8158450704225353
1 54.53666666666667 5.453666666666667
1 32.2939393939394 3.22939393939394
1 29.235714285714284 2.9235714285714285
1 66.70436507936508 6.6704365079365076
1 21.800458715596328 2.1800458715596327
1 48.92483660130719 4.892483660130719
1 73.25604395604395 7.325604395604396
0 0 1.0
1 68.18333333333334 6.818333333333334
1 33.55628140703518 3.355628140703518
1 69.2748031496063 6.92748031496063
1 71.17330827067669 7.1173308270676685
1 105.87078651685393 10.587078651685394
1 25.315811965811967 2.5315811965811967
1 135.91883116883116 13.591883116883118
0 0 1.0
1 35.869590643274854 3.586959064327486
0 0 1.0
1 69.10377358490565 6.910377358490566
0 0 1.0
1 90.87627118644068 9.087627118644068
0 0 1.0
0 0 1.0
1 102.28717948717949 10.22871794871795
1 27.19059829059829 2.7190598290598293
0 0 1.0
0 0 1.0
1 22.477777777777778 2.247777777777778
1 36.973333333333336 3.697333333333334
1 71.3126050420168 7.131260504201681
1 43.99840425531915 4.399840425531916
0 0 1.0
1 10.618041237113403 1.0618041237113403
1 20.965517241379313 2.0965517241379312
1 44.33503937007874 4.433503937007874
1 6.1875939849624055 0.6187593984962406
1 10.830769230769231 1.0830769230769233
1 55.41030927835052 5.5410309278350525
1 13.92314049586777 1.3923140495867772
1 20.342105263157897 2.03421052631579
1 15.838671875 1.5838671875
1 21.870283018867923 2.187028301886792
1 29.546521739130434 2.9546521739130434
1 54.856640625 5.4856640625
1 53.953883495145625 5.395388349514563
1 16.193951612903227 1.6193951612903228
1 9.567063492063493 0.9567063492063493
1 69.10377358490565 6.910377358490566
0 0 1.0
1 26.572222222222226 2.657222222222223
1 37.893478260869564 3.7893478260869564
0 0 1.0
1 66.30853658536586 6.630853658536586
1 29.757 2.9757000000000002
1 60.214999999999996 6.0215
1 52.01433823529412 5.201433823529412
1 27.105752212389383 2.7105752212389387
1 11.049565217391306 1.1049565217391306
1 21.344565217391303 2.1344565217391303
1 49.698 4.9698
1 24.830973451327438 2.483097345132744
1 9.618421052631579 0.9618421052631579
1 32.61270491803279 3.261270491803279
1 31.72697841726619 3.172697841726619
1 10.282786885245901 1.0282786885245903
1 33.28023255813953 3.328023255813953
1 30.53483606557377 3.053483606557377
0 0 1.0
1 33.76323529411764 3.3763235294117644
1 21.85655737704918 2.185655737704918
0 0 1.0
1 41.318978102189774 4.131897810218978
1 58.49698275862069 5.849698275862069
1 27.362393162393168 2.736239316239317
1 81.8798076923077 8.18798076923077
1 15.957317073170733 1.5957317073170734
1 21.524596774193547 2.1524596774193547
0 0 1.0
1 26.572222222222226 2.657222222222223
0 0 1.0
1 53.698897058823526 5.369889705882353
0 0 1.0
1 33.96201550387597 3.396201550387597
1 56.9215 5.692150000000001
1 33.682773109243705 3.3682773109243707
1 26.917073170731705 2.6917073170731705
1 32.21057692307692 3.221057692307692
1 50.026984126984125 5.002698412698413
0 0 1.0
1 93.14140625 9.314140625
1 48.589930555555554 4.858993055555556
1 50.70993377483444 5.070993377483444
1 26.045555555555552 2.6045555555555553
1 40.03942307692307 4.0039423076923075
1 62.87275862068965 6.287275862068966
1 30.599056603773587 3.0599056603773587
1 37.24363636363636 3.7243636363636363
0 0 1.0
0 0 1.0
0 0 1.0
0 0 1.0
1 21.94575471698113 2.1945754716981134
1 26.687623762376237 2.668762376237624
1 83.21230158730158 8.321230158730158
0 0 1.0
1 44.89303278688525 4.489303278688525
1 50.910326086956516 5.091032608695652
1 90.87627118644068 9.087627118644068
1 37.893478260869564 3.7893478260869564
1 53.698897058823526 5.369889705882353
0 0 1.0
0 0 1.0
1 85.60147058823529 8.56014705882353
1 37.46553398058253 3.746553398058253
1 75.25866666666667 7.525866666666667
1 74.89113475177305 7.489113475177305
0 0 1.0
0 0 1.0
0 0 1.0
0 0 1.0
0 0 1.0
0 0 1.0
0 0 1.0
0 0 1.0
0 0 1.0
0 0 1.0
0 0 1.0
0 0 1.0
0 0 1.0
0 0 1.0
0 0 1.0
0 0 1.0
0 0 1.0
0 0 1.0
0 0 1.0
0 0 1.0
0 0 1.0
0 0 1.0
0 0 1.0
0 0 1.0
0 0 1.0
0 0 1.0
0 0 1.0
0 0 1.0
0 0 1.0
0 0 1.0
0 0 1.0
1 39.669629629629625 3.966962962962963
1 36.72099236641221 3.6720992366412215
1 15.066346153846153 1.5066346153846153
1 55.33258928571428 5.533258928571428
1 31.346511627906974 3.1346511627906977
1 67.95447154471545 6.795447154471545
0 0 1.0
1 18.98984962406015 1.8989849624060149
1 64.45492424242424 6.445492424242424
1 62.836290322580645 6.283629032258065
1 25.13467741935484 2.513467741935484
1 69.85650406504065 6.985650406504066
1 57.54666666666667 5.754666666666667
1 75.58969465648855 7.558969465648855
1 79.00511811023622 7.900511811023623
1 91.97649572649573 9.197649572649572
1 13.517213114754098 1.3517213114754099
1 134.315 13.4315
1 49.414 4.941400000000001
1 54.80236220472441 5.480236220472442
0 0 1.0
1 66.30853658536586 6.630853658536586
1 33.96201550387597 3.396201550387597
1 85.60147058823529 8.56014705882353
0 0 1.0
0 0 1.0
1 84.16964285714285 8.416964285714284
1 10.872357723577235 1.0872357723577235
1 8.138345864661654 0.8138345864661654
1 52.52579365079365 5.252579365079366
1 45.611340206185574 4.5611340206185575
1 87.11037735849057 8.711037735849057
1 115.77 11.577
1 54.60590551181103 5.460590551181103
0 0 1.0
1 32.02642276422764 3.2026422764227642
1 33.5191823899371 3.35191823899371
1 69.34166666666667 6.934166666666667
1 22.740000000000002 2.2740000000000005
1 28.128666666666664 2.8128666666666664
1 68.69673913043478 6.869673913043478
1 16.47375 1.647375
1 40.186821705426354 4.018682170542635
1 21.155494505494506 2.1155494505494508
1 45.99690721649485 4.599690721649485
1 15.79020618556701 1.579020618556701
1 82.22169811320754 8.222169811320754
1 33.28764705882353 3.328764705882353
1 42.76741573033708 4.276741573033708
1 37.67277777777778 3.767277777777778
1 102.28717948717949 10.22871794871795
1 29.757 2.9757000000000002
1 56.9215 5.692150000000001
1 37.46553398058253 3.746553398058253
0 0 1.0
1 84.16964285714285 8.416964285714284
0 0 1.0
1 87.10779816513761 8.710779816513762
0 0 1.0
1 35.08024691358025 3.508024691358025
1 41.358 4.1358
1 40.46178861788618 4.046178861788618
1 37.51298701298701 3.751298701298701
1 46.644247787610624 4.664424778761062
1 32.41572580645162 3.241572580645162
1 61.957480314960634 6.195748031496064
1 71.68468468468467 7.168468468468467
1 20.62457627118644 2.0624576271186443
1 62.83333333333333 6.283333333333333
1 60.88650793650793 6.088650793650793
1 28.47933884297521 2.8479338842975213
1 66.54765625 6.6547656250000005
1 48.168846153846154 4.816884615384616
1 71.90555555555555 7.190555555555555
0 0 1.0
1 85.7412 8.57412
1 6.560162601626017 0.6560162601626017
0 0 1.0
1 47.96048387096774 4.796048387096774
1 51.360769230769236 5.136076923076924
1 27.19059829059829 2.7190598290598293
1 60.214999999999996 6.0215
1 33.682773109243705 3.3682773109243707
1 75.25866666666667 7.525866666666667
0 0 1.0
1 10.872357723577235 1.0872357723577235
1 87.10779816513761 8.710779816513762
0 0 1.0
1 11.225193798449611 1.122519379844961
1 60.686607142857135 6.068660714285714
1 33.920634920634924 3.3920634920634924
1 31.033196721311477 3.103319672131148
1 19.664356435643565 1.9664356435643566
1 43.446721311475414 4.344672131147542
1 22.5125 2.25125
1 56.07346153846154 5.607346153846154
1 57.778409090909086 5.777840909090909
1 11.111153846153845 1.1111153846153845
1 58.032421875 5.8032421875
1 52.495703125000006 5.249570312500001
1 17.468032786885246 1.7468032786885246
1 56.598872180451124 5.659887218045113
1 51.08913043478261 5.108913043478261
1 67.36374045801526 6.736374045801526
1 65.95551470588235 6.595551470588235
1 83.66163793103449 8.36616379310345
1 9.448760330578512 0.9448760330578513
1 109.77475247524752 10.977475247524753
1 41.7594262295082 4.17594262295082
1 47.0204 4.70204
0 0 1.0
1 52.01433823529412 5.201433823529412
1 26.917073170731705 2.6917073170731705
1 74.89113475177305 7.489113475177305
0 0 1.0
1 8.138345864661654 0.8138345864661654
0 0 1.0
1 11.225193798449611 1.122519379844961
0 0 1.0
1 53.925 5.3925
1 22.42938144329897 2.242938144329897
1 19.64516129032258 1.9645161290322581
1 53.97773109243698 5.3977731092436985
0 0 1.0
1 26.274766355140187 2.627476635514019
0 0 1.0
1 50.21249999999999 5.021249999999999
1 41.56619047619048 4.156619047619048
1 30.255978260869565 3.0255978260869565
1 22.73035714285714 2.2730357142857143
1 30.990265486725665 3.0990265486725668
1 30.444155844155844 3.0444155844155847
1 32.478515625 3.2478515625
1 40.4821052631579 4.04821052631579
0 0 1.0
1 56.36578947368421 5.636578947368421
1 54.49729729729729 5.449729729729729
1 77.17394366197183 7.717394366197183
0 0 1.0
1 24.363541666666666 2.436354166666667
0 0 1.0
1 27.105752212389383 2.7105752212389387
1 32.21057692307692 3.221057692307692
0 0 1.0
0 0 1.0
1 52.52579365079365 5.252579365079366
1 35.08024691358025 3.508024691358025
1 60.686607142857135 6.068660714285714
1 53.925 5.3925
0 0 1.0
