0 0 1.0
1 11.0936 1.1093600000000001
0 0 1.0
1 28.666386554621848 2.866638655462185
1 8.115178571428572 0.8115178571428573
1 30.09768518518518 3.009768518518518
1 33.490495867768594 3.3490495867768595
1 22.56309523809524 2.256309523809524
1 20.6359477124183 2.06359477124183
1 20.18185483870968 2.018185483870968
0 0 1.0
1 26.636904761904763 2.6636904761904763
1 20.696280991735538 2.069628099173554
1 30.82331081081081 3.0823310810810813
1 40.442622950819676 4.0442622950819676
1 49.173008849557526 4.917300884955753
1 34.67896825396826 3.467896825396826
1 71.03529411764706 7.103529411764706
0 0 1.0
1 12.610465116279068 1.2610465116279068
1 38.75512820512821 3.875512820512821
1 21.619847328244273 2.1619847328244273
1 10.589166666666667 1.0589166666666667
1 49.63307086614173 4.963307086614173
0 0 1.0
1 41.839062500000004 4.183906250000001
1 46.08645833333334 4.608645833333334
1 41.358 4.1358
1 33.390625 3.3390625000000003
1 21.7565 2.17565
1 11.0936 1.1093600000000001
0 0 1.0
1 45.32809523809523 4.532809523809523
1 37.077600000000004 3.7077600000000004
1 9.454824561403509 0.945482456140351
1 39.066086956521744 3.9066086956521744
1 42.953968253968256 4.295396825396826
1 21.609322033898305 2.1609322033898306
1 37.809999999999995 3.7809999999999997
1 32.751562500000006 3.2751562500000007
1 14.234583333333333 1.4234583333333335
0 0 1.0
1 28.81888888888889 2.881888888888889
1 48.86018518518518 4.886018518518519
1 54.25221238938054 5.425221238938054
1 52.45833333333334 5.2458333333333345
1 34.20604838709678 3.420604838709678
1 94.8694805194805 9.486948051948051
1 18.490740740740737 1.8490740740740739
1 24.718918918918916 2.4718918918918917
1 29.108677685950415 2.9108677685950415
1 35.29272727272727 3.529272727272727
1 18.182407407407407 1.8182407407407408
0 0 1.0
0 0 1.0
1 37.003461538461536 3.7003461538461537
1 68.90820895522388 6.890820895522388
1 41.130578512396696 4.113057851239669
1 31.55041666666667 3.1550416666666674
1 18.835051546391753 1.8835051546391754
0 0 1.0
1 45.32809523809523 4.532809523809523
0 0 1.0
1 58.38790322580645 5.838790322580645
1 37.39739130434783 3.739739130434783
1 69.256640625 6.925664062500001
1 72.69302325581396 7.269302325581396
0 0 1.0
1 71.87644628099174 7.187644628099175
1 66.92033898305084 6.692033898305084
1 35.8316091954023 3.58316091954023
1 68.38928571428572 6.838928571428572
1 61.0176 6.1017600000000005
1 76.58396946564885 7.658396946564885
1 86.55491803278689 8.65549180327869
1 116.26793478260869 11.62679347826087
1 26.659734513274337 2.665973451327434
0 0 1.0
1 50.62460937499999 5.062460937499999
1 55.603816793893124 5.560381679389312
1 15.533132530120483 1.5533132530120484
1 70.71833333333333 7.071833333333334
0 0 1.0
1 92.41937984496124 9.241937984496124
0 0 1.0
1 15.2126213592233 1.5212621359223302
1 110.25714285714287 11.025714285714287
1 25.79017857142857 2.579017857142857
1 18.055454545454545 1.8055454545454546
1 66.22010309278352 6.622010309278352
1 28.666386554621848 2.866638655462185
1 37.077600000000004 3.7077600000000004
1 58.38790322580645 5.838790322580645
0 0 1.0
1 33.06440677966102 3.306440677966102
1 36.70670103092784 3.670670103092784
1 25.764224137931038 2.5764224137931038
1 32.616015624999996 3.2616015624999997
1 38.73897637795276 3.873897637795276
1 39.69467213114754 3.969467213114754
1 42.455652173913045 4.245565217391305
1 42.31090225563909 4.23109022556391
1 16.259375 1.6259375
1 47.099999999999994 4.71
1 39.33524590163934 3.933524590163934
1 57.949999999999996 5.795
1 39.66379310344828 3.966379310344828
1 84.00043478260869 8.40004347826087
1 28.318032786885247 2.831803278688525
1 29.054878048780488 2.905487804878049
1 55.461016949152544 5.546101694915254
1 30.18868613138686 3.018868613138686
1 23.778813559322035 2.3778813559322036
1 50.337769784172664 5.033776978417267
0 0 1.0
1 53.424568965517246 5.342456896551725
1 56.8438524590164 5.68438524590164
1 42.166399999999996 4.21664
1 43.09349593495935 4.309349593495935
1 48.034210526315796 4.80342105263158
1 8.115178571428572 0.8115178571428573
1 9.454824561403509 0.945482456140351
1 37.39739130434783 3.739739130434783
1 33.06440677966102 3.306440677966102
0 0 1.0
1 33.44671532846715 3.344671532846715
1 43.3702479338843 4.33702479338843
1 12.7676 1.2767600000000001
1 35.241732283464565 3.5241732283464566
1 30.97768595041322 3.0977685950413223
0 0 1.0
1 33.51875 3.3518749999999997
1 33.00138888888889 3.300138888888889
1 41.277464788732395 4.12774647887324
1 39.46069182389937 3.946069182389937
1 63.617924528301884 6.361792452830189
1 25.805158730158727 2.580515873015873
1 91.53111111111112 9.153111111111112
1 19.52053571428571 1.9520535714285712
1 19.795695364238412 1.9795695364238413
1 31.344117647058823 3.1344117647058827
1 28.531972789115645 2.8531972789115647
1 8.987704918032787 0.8987704918032787
1 58.901538461538465 5.890153846153847
0 0 1.0
1 31.59140625 3.159140625
1 55.331818181818186 5.533181818181819
1 31.650000000000002 3.1650000000000005
1 22.176492537313433 2.2176492537313433
1 26.775238095238095 2.6775238095238096
1 30.09768518518518 3.009768518518518
1 39.066086956521744 3.9066086956521744
1 69.256640625 6.925664062500001
1 36.70670103092784 3.670670103092784
1 33.44671532846715 3.344671532846715
0 0 1.0
1 10.824615384615383 1.0824615384615384
1 45.39031007751938 4.539031007751938
1 14.902083333333334 1.4902083333333334
1 20.01842105263158 2.001842105263158
1 44.00265151515151 4.400265151515152
1 22.198347107438018 2.2198347107438017
1 14.35 1.435
1 23.434955752212392 2.3434955752212394
1 14.610775862068966 1.4610775862068968
1 35.27863247863248 3.527863247863248
1 57.050000000000004 5.705000000000001
1 59.049537037037034 5.904953703703704
1 20.326422764227644 2.0326422764227643
1 15.257327586206896 1.5257327586206897
0 0 1.0
1 9.034649122807018 0.9034649122807018
1 33.15625 3.3156250000000003
1 25.854044117647053 2.5854044117647055
0 0 1.0
1 67.40645161290323 6.740645161290323
1 32.02642276422764 3.2026422764227642
1 61.957480314960634 6.195748031496064
1 56.50813953488372 5.650813953488372
1 33.384873949579834 3.3384873949579834
1 33.490495867768594 3.3490495867768595
1 42.953968253968256 4.295396825396826
1 72.69302325581396 7.269302325581396
1 25.764224137931038 2.5764224137931038
1 43.3702479338843 4.33702479338843
1 10.824615384615383 1.0824615384615384
0 0 1.0
1 59.02358490566037 5.902358490566037
1 26.156557377049182 2.6156557377049183
1 30.502083333333335 3.050208333333334
1 52.60121951219512 5.260121951219513
1 32.733999999999995 3.2733999999999996
1 13.813385826771652 1.3813385826771654
1 32.04132231404959 3.2041322314049587
1 17.571698113207546 1.7571698113207548
1 45.1453781512605 4.51453781512605
1 61.03983050847458 6.103983050847458
1 70.92268518518519 7.0922685185185195
1 28.58388429752066 2.8583884297520665
1 24.143333333333334 2.4143333333333334
1 66.70436507936508 6.6704365079365076
1 20.09917355371901 2.009917355371901
1 31.27695035460993 3.1276950354609934
1 35.288983050847456 3.528898305084746
0 0 1.0
1 66.03396946564885 6.603396946564885
1 40.37537878787878 4.037537878787878
1 74.3644859813084 7.436448598130841
1 57.778409090909086 5.777840909090909
1 41.44523809523809 4.144523809523809
1 22.56309523809524 2.256309523809524
1 21.609322033898305 2.1609322033898306
0 0 1.0
1 32.616015624999996 3.2616015624999997
1 12.7676 1.2767600000000001
1 45.39031007751938 4.539031007751938
1 59.02358490566037 5.902358490566037
0 0 1.0
1 45.45643939393939 4.54564393939394
1 42.5224 4.25224
1 9.851209677419355 0.9851209677419356
1 49.526612903225804 4.952661290322581
1 32.16107142857143 3.2161071428571435
1 56.08409090909091 5.608409090909092
1 59.377559055118105 5.9377559055118105
1 68.30081967213114 6.830081967213115
1 14.470940170940173 1.4470940170940174
1 95.35970873786408 9.53597087378641
1 29.03452380952381 2.9034523809523813
1 34.38837209302325 3.438837209302325
1 22.207943925233643 2.220794392523364
1 43.31192307692308 4.331192307692308
1 11.267964071856287 1.1267964071856287
1 66.06195652173913 6.606195652173914
0 0 1.0
1 19.578682170542635 1.9578682170542636
1 68.66844660194174 6.866844660194174
1 19.786178861788617 1.9786178861788617
1 10.543430656934305 1.0543430656934305
1 40.411574074074075 4.0411574074074075
1 20.6359477124183 2.06359477124183
1 37.809999999999995 3.7809999999999997
1 71.87644628099174 7.187644628099175
1 38.73897637795276 3.873897637795276
1 35.241732283464565 3.5241732283464566
1 14.902083333333334 1.4902083333333334
1 26.156557377049182 2.6156557377049183
1 45.45643939393939 4.54564393939394
0 0 1.0
1 7.597844827586207 0.7597844827586208
1 35.569108280254774 3.5569108280254778
1 8.531603773584905 0.8531603773584906
1 26.39957627118644 2.639957627118644
1 11.491869918699187 1.1491869918699187
1 23.15043103448276 2.3150431034482764
1 23.1640350877193 2.31640350877193
1 57.60153846153846 5.760153846153846
1 48.95154639175257 4.895154639175257
1 16.10068493150685 1.6100684931506852
1 12.99642857142857 1.299642857142857
1 48.60714285714286 4.860714285714287
1 6.531349206349206 0.6531349206349206
1 33.02423076923077 3.302423076923077
1 29.22072072072072 2.9220720720720723
0 0 1.0
1 64.9469465648855 6.49469465648855
1 21.821212121212124 2.1821212121212126
1 63.31297709923664 6.331297709923664
1 57.139615384615375 5.713961538461538
1 29.612234042553194 2.9612234042553194
1 20.18185483870968 2.018185483870968
1 32.751562500000006 3.2751562500000007
1 66.92033898305084 6.692033898305084
1 39.69467213114754 3.969467213114754
1 30.97768595041322 3.0977685950413223
1 20.01842105263158 2.001842105263158
1 30.502083333333335 3.050208333333334
1 42.5224 4.25224
1 7.597844827586207 0.7597844827586208
0 0 1.0
0 0 1.0
1 6.18581560283688 0.618581560283688
1 26.597033898305085 2.6597033898305087
1 18.577391304347827 1.8577391304347828
1 31.677272727272722 3.1677272727272725
1 30.6065 3.0606500000000003
1 54.9764 5.4976400000000005
1 57.10523255813954 5.710523255813954
1 13.940944881889763 1.3940944881889763
1 10.5900826446281 1.05900826446281
0 0 1.0
1 10.472727272727273 1.0472727272727274
1 29.802 2.9802
1 35.01538461538462 3.501538461538462
0 0 1.0
1 61.83888888888889 6.183888888888889
1 27.04679487179487 2.704679487179487
1 60.88650793650793 6.088650793650793
1 52.495703125000006 5.249570312500001
1 22.20174418604651 2.220174418604651
0 0 1.0
1 14.234583333333333 1.4234583333333335
1 35.8316091954023 3.58316091954023
1 42.455652173913045 4.245565217391305
0 0 1.0
1 44.00265151515151 4.400265151515152
1 52.60121951219512 5.260121951219513
1 9.851209677419355 0.9851209677419356
1 35.569108280254774 3.5569108280254778
0 0 1.0
0 0 1.0
1 36.77218543046358 3.677218543046358
0 0 1.0
0 0 1.0
1 52.06770833333334 5.2067708333333345
1 73.91442307692307 7.391442307692308
1 22.599193548387095 2.2599193548387095
0 0 1.0
0 0 1.0
0 0 1.0
0 0 1.0
1 39.813333333333325 3.9813333333333327
0 0 1.0
1 52.100295857988165 5.210029585798817
0 0 1.0
1 25.339024390243903 2.5339024390243905
1 67.95806451612903 6.795806451612903
1 28.016260162601625 2.8016260162601627
1 17.90840336134454 1.790840336134454
1 30.71842105263158 3.0718421052631584
1 26.636904761904763 2.6636904761904763
0 0 1.0
1 68.38928571428572 6.838928571428572
1 42.31090225563909 4.23109022556391
1 33.51875 3.3518749999999997
1 22.198347107438018 2.2198347107438017
1 32.733999999999995 3.2733999999999996
1 49.526612903225804 4.952661290322581
1 8.531603773584905 0.8531603773584906
1 6.18581560283688 0.618581560283688
1 36.77218543046358 3.677218543046358
0 0 1.0
1 30.9356 3.09356
0 0 1.0
1 31.811363636363634 3.1811363636363637
1 21.159134615384616 2.1159134615384616
1 56.776470588235284 5.677647058823529
1 44.64395604395604 4.464395604395604
1 20.966269841269842 2.0966269841269844
1 16.168320610687022 1.6168320610687024
1 64.03304347826088 6.403304347826088
1 13.16171875 1.3161718750000002
1 34.78636363636363 3.4786363636363635
0 0 1.0
0 0 1.0
1 69.85650406504065 6.985650406504066
1 16.68227848101266 1.668227848101266
1 67.60396825396825 6.760396825396825
1 57.904999999999994 5.7905
1 29.3025 2.93025
1 20.696280991735538 2.069628099173554
1 28.81888888888889 2.881888888888889
1 61.0176 6.1017600000000005
1 16.259375 1.6259375
1 33.00138888888889 3.300138888888889
1 14.35 1.435
1 13.813385826771652 1.3813385826771654
1 32.16107142857143 3.2161071428571435
1 26.39957627118644 2.639957627118644
1 26.597033898305085 2.6597033898305087
0 0 1.0
1 30.9356 3.09356
0 0 1.0
1 35.27090163934427 3.5270901639344268
1 26.083199999999998 2.60832
1 45.7188 4.57188
1 40.08138686131386 4.008138686131386
1 75.60624999999999 7.560624999999999
1 17.23024193548387 1.7230241935483872
1 15.78821138211382 1.5788211382113821
1 54.735245901639345 5.473524590163935
1 20.16521739130435 2.016521739130435
1 21.332 2.1332
0 0 1.0
0 0 1.0
1 56.60327868852459 5.660327868852459
1 42.49262295081967 4.249262295081968
1 49.30669291338583 4.9306692913385834
1 48.55578512396694 4.855578512396694
1 32.99404761904762 3.2994047619047624
1 30.82331081081081 3.0823310810810813
1 48.86018518518518 4.886018518518519
1 76.58396946564885 7.658396946564885
1 47.099999999999994 4.71
1 41.277464788732395 4.12774647887324
1 23.434955752212392 2.3434955752212394
1 32.04132231404959 3.2041322314049587
1 56.08409090909091 5.608409090909092
1 11.491869918699187 1.1491869918699187
1 18.577391304347827 1.8577391304347828
0 0 1.0
0 0 1.0
1 35.27090163934427 3.5270901639344268
0 0 1.0
1 25.863235294117647 2.586323529411765
1 12.894396551724139 1.2894396551724139
1 64.97481751824817 6.497481751824818
0 0 1.0
1 26.49330985915493 2.649330985915493
1 23.071969696969695 2.3071969696969696
1 68.73359375 6.873359375
1 15.715891472868215 1.5715891472868215
1 42.269999999999996 4.226999999999999
0 0 1.0
0 0 1.0
1 76.17115384615384 7.617115384615385
1 19.06089108910891 1.9060891089108911
1 74.10114503816794 7.410114503816795
1 66.85340909090908 6.685340909090908
1 40.06041666666667 4.006041666666667
1 40.442622950819676 4.0442622950819676
1 54.25221238938054 5.425221238938054
1 86.55491803278689 8.65549180327869
1 39.33524590163934 3.933524590163934
1 39.46069182389937 3.946069182389937
1 14.610775862068966 1.4610775862068968
1 17.571698113207546 1.7571698113207548
1 59.377559055118105 5.9377559055118105
1 23.15043103448276 2.3150431034482764
1 31.677272727272722 3.1677272727272725
1 52.06770833333334 5.2067708333333345
1 31.811363636363634 3.1811363636363637
1 26.083199999999998 2.60832
1 25.863235294117647 2.586323529411765
0 0 1.0
1 32.763008130081296 3.2763008130081297
1 67.49728682170543 6.749728682170543
1 41.7841059602649 4.178410596026491
1 35.251271186440675 3.525127118644068
1 30.78909090909091 3.0789090909090913
1 73.38023255813953 7.338023255813953
1 21.870283018867923 2.187028301886792
1 40.72446043165468 4.072446043165468
1 20.405701754385966 2.0405701754385968
0 0 1.0
1 77.18192307692307 7.718192307692307
1 45.067676767676765 4.5067676767676765
1 77.17235772357724 7.717235772357724
1 66.93992537313433 6.6939925373134335
1 50.59198113207547 5.059198113207547
1 49.173008849557526 4.917300884955753
1 52.45833333333334 5.2458333333333345
1 116.26793478260869 11.62679347826087
1 57.949999999999996 5.795
1 63.617924528301884 6.361792452830189
1 35.27863247863248 3.527863247863248
1 45.1453781512605 4.51453781512605
1 68.30081967213114 6.830081967213115
1 23.1640350877193 2.31640350877193
1 30.6065 3.0606500000000003
1 73.91442307692307 7.391442307692308
1 21.159134615384616 2.1159134615384616
1 45.7188 4.57188
1 12.894396551724139 1.2894396551724139
1 32.763008130081296 3.2763008130081297
0 0 1.0
1 81.999173553719 8.1999173553719
1 24.98369565217391 2.4983695652173914
1 41.25769230769231 4.125769230769231
1 36.42025862068966 3.642025862068966
1 104.69444444444443 10.469444444444443
1 28.081404958677684 2.8081404958677685
1 56.0797520661157 5.60797520661157
1 25.42877358490566 2.542877358490566
0 0 1.0
1 84.73425196850394 8.473425196850394
1 15.164851485148514 1.5164851485148514
0 0 1.0
1 80.87291666666667 8.087291666666667
0 0 1.0
1 34.67896825396826 3.467896825396826
1 34.20604838709678 3.420604838709678
1 26.659734513274337 2.665973451327434
1 39.66379310344828 3.966379310344828
1 25.805158730158727 2.580515873015873
1 57.050000000000004 5.705000000000001
1 61.03983050847458 6.103983050847458
1 14.470940170940173 1.4470940170940174
1 57.60153846153846 5.760153846153846
1 54.9764 5.4976400000000005
1 22.599193548387095 2.2599193548387095
1 56.776470588235284 5.677647058823529
1 40.08138686131386 4.008138686131386
1 64.97481751824817 6.497481751824818
1 67.49728682170543 6.749728682170543
1 81.999173553719 8.1999173553719
0 0 1.0
1 106.37592592592591 10.637592592592592
1 41.138799999999996 4.11388
1 46.221259842519686 4.622125984251968
1 25.101271186440677 2.5101271186440677
1 54.856640625 5.4856640625
1 26.457851239669424 2.6457851239669425
1 83.878 8.3878
0 0 1.0
1 13.62892561983471 1.362892561983471
1 81.45327102803738 8.145327102803739
1 6.403968253968254 0.6403968253968255
1 9.1464 0.91464
1 53.53274336283186 5.353274336283186
1 71.03529411764706 7.103529411764706
1 94.8694805194805 9.486948051948051
0 0 1.0
1 84.00043478260869 8.40004347826087
1 91.53111111111112 9.153111111111112
1 59.049537037037034 5.904953703703704
1 70.92268518518519 7.0922685185185195
1 95.35970873786408 9.53597087378641
1 48.95154639175257 4.895154639175257
1 57.10523255813954 5.710523255813954
0 0 1.0
1 44.64395604395604 4.464395604395604
1 75.60624999999999 7.560624999999999
0 0 1.0
1 41.7841059602649 4.178410596026491
1 24.98369565217391 2.4983695652173914
1 106.37592592592591 10.637592592592592
0 0 1.0
1 65.04558823529412 6.504558823529412
1 61.7975 6.17975
1 137.70723684210526 13.770723684210527
1 53.953883495145625 5.395388349514563
1 80.33490566037736 8.033490566037736
1 39.75726495726496 3.975726495726496
0 0 1.0
1 134.315 13.4315
1 32.90058139534884 3.290058139534884
1 112.42798165137613 11.242798165137614
1 109.77475247524752 10.977475247524753
1 76.10208333333334 7.610208333333334
0 0 1.0
1 18.490740740740737 1.8490740740740739
1 50.62460937499999 5.062460937499999
1 28.318032786885247 2.831803278688525
1 19.52053571428571 1.9520535714285712
1 20.326422764227644 2.0326422764227643
1 28.58388429752066 2.8583884297520665
1 29.03452380952381 2.9034523809523813
1 16.10068493150685 1.6100684931506852
1 13.940944881889763 1.3940944881889763
0 0 1.0
1 20.966269841269842 2.0966269841269844
1 17.23024193548387 1.7230241935483872
1 26.49330985915493 2.649330985915493
1 35.251271186440675 3.525127118644068
1 41.25769230769231 4.125769230769231
1 41.138799999999996 4.11388
1 65.04558823529412 6.504558823529412
0 0 1.0
1 6.382142857142856 0.6382142857142856
1 40.710687022900764 4.071068702290076
1 15.936904761904762 1.5936904761904762
1 15.957317073170733 1.5957317073170734
1 43.8156 4.38156
0 0 1.0
1 49.02182539682539 4.902182539682539
1 40.492553191489364 4.049255319148936
1 47.96048387096774 4.796048387096774
1 40.11535433070866 4.011535433070867
1 18.65772727272727 1.8657727272727271
1 12.610465116279068 1.2610465116279068
1 24.718918918918916 2.4718918918918917
1 55.603816793893124 5.560381679389312
1 29.054878048780488 2.905487804878049
1 19.795695364238412 1.9795695364238413
1 15.257327586206896 1.5257327586206897
1 24.143333333333334 2.4143333333333334
1 34.38837209302325 3.438837209302325
1 12.99642857142857 1.299642857142857
1 10.5900826446281 1.05900826446281
0 0 1.0
1 16.168320610687022 1.6168320610687024
1 15.78821138211382 1.5788211382113821
1 23.071969696969695 2.3071969696969696
1 30.78909090909091 3.0789090909090913
1 36.42025862068966 3.642025862068966
1 46.221259842519686 4.622125984251968
1 61.7975 6.17975
1 6.382142857142856 0.6382142857142856
0 0 1.0
1 35.869590643274854 3.586959064327486
1 9.417578125 0.9417578125000001
1 20.531153846153845 2.0531153846153845
1 35.21616541353383 3.5216165413533833
0 0 1.0
1 53.95271317829457 5.395271317829458
1 37.25879120879121 3.725879120879121
1 52.5740157480315 5.257401574803151
1 45.918359375 4.5918359375
1 22.707766990291262 2.2707766990291263
1 38.75512820512821 3.875512820512821
1 29.108677685950415 2.9108677685950415
1 15.533132530120483 1.5533132530120484
1 55.461016949152544 5.546101694915254
1 31.344117647058823 3.1344117647058827
0 0 1.0
1 66.70436507936508 6.6704365079365076
1 22.207943925233643 2.220794392523364
1 48.60714285714286 4.860714285714287
0 0 1.0
0 0 1.0
1 64.03304347826088 6.403304347826088
1 54.735245901639345 5.473524590163935
1 68.73359375 6.873359375
1 73.38023255813953 7.338023255813953
1 104.69444444444443 10.469444444444443
1 25.101271186440677 2.5101271186440677
1 137.70723684210526 13.770723684210527
1 40.710687022900764 4.071068702290076
1 35.869590643274854 3.586959064327486
0 0 1.0
1 69.76190476190476 6.976190476190476
1 36.19864864864865 3.6198648648648653
1 89.36166666666666 8.936166666666667
0 0 1.0
1 23.485164835164834 2.3485164835164833
1 102.28717948717949 10.22871794871795
1 26.73361344537815 2.673361344537815
1 16.57590909090909 1.6575909090909091
1 39.56461538461538 3.956461538461538
1 21.619847328244273 2.1619847328244273
1 35.29272727272727 3.529272727272727
1 70.71833333333333 7.071833333333334
1 30.18868613138686 3.018868613138686
1 28.531972789115645 2.8531972789115647
1 9.034649122807018 0.9034649122807018
1 20.09917355371901 2.009917355371901
1 43.31192307692308 4.331192307692308
1 6.531349206349206 0.6531349206349206
1 10.472727272727273 1.0472727272727274
1 39.813333333333325 3.9813333333333327
1 13.16171875 1.3161718750000002
1 20.16521739130435 2.016521739130435
1 15.715891472868215 1.5715891472868215
1 21.870283018867923 2.187028301886792
1 28.081404958677684 2.8081404958677685
1 54.856640625 5.4856640625
1 53.953883495145625 5.395388349514563
1 15.936904761904762 1.5936904761904762
1 9.417578125 0.9417578125000001
1 69.76190476190476 6.976190476190476
0 0 1.0
1 27.727536231884063 2.7727536231884065
0 0 1.0
0 0 1.0
1 63.22441860465116 6.3224418604651165
1 28.6125 2.86125
1 60.68178294573643 6.068178294573643
1 53.18759398496241 5.318759398496241
1 29.17095238095238 2.917095238095238
1 10.589166666666667 1.0589166666666667
1 18.182407407407407 1.8182407407407408
0 0 1.0
1 23.778813559322035 2.3778813559322036
1 8.987704918032787 0.8987704918032787
1 33.15625 3.3156250000000003
1 31.27695035460993 3.1276950354609934
1 11.267964071856287 1.1267964071856287
1 33.02423076923077 3.302423076923077
1 29.802 2.9802
0 0 1.0
1 34.78636363636363 3.4786363636363635
1 21.332 2.1332
1 42.269999999999996 4.226999999999999
1 40.72446043165468 4.072446043165468
1 56.0797520661157 5.60797520661157
1 26.457851239669424 2.6457851239669425
1 80.33490566037736 8.033490566037736
1 15.957317073170733 1.5957317073170734
1 20.531153846153845 2.0531153846153845
1 36.19864864864865 3.6198648648648653
1 27.727536231884063 2.7727536231884065
0 0 1.0
1 53.30693430656934 5.330693430656934
0 0 1.0
1 33.96201550387597 3.396201550387597
1 55.26359223300971 5.526359223300972
1 32.85450819672131 3.2854508196721315
1 26.486399999999996 2.64864
1 31.017592592592592 3.1017592592592593
1 49.63307086614173 4.963307086614173
0 0 1.0
1 92.41937984496124 9.241937984496124
1 50.337769784172664 5.033776978417267
1 58.901538461538465 5.890153846153847
1 25.854044117647053 2.5854044117647055
1 35.288983050847456 3.528898305084746
1 66.06195652173913 6.606195652173914
1 29.22072072072072 2.9220720720720723
1 35.01538461538462 3.501538461538462
1 52.100295857988165 5.210029585798817
0 0 1.0
0 0 1.0
0 0 1.0
1 20.405701754385966 2.0405701754385968
1 25.42877358490566 2.542877358490566
1 83.878 8.3878
1 39.75726495726496 3.975726495726496
1 43.8156 4.38156
1 35.21616541353383 3.5216165413533833
1 89.36166666666666 8.936166666666667
0 0 1.0
1 53.30693430656934 5.330693430656934
0 0 1.0
0 0 1.0
1 86.23555555555555 8.623555555555555
0 0 1.0
0 0 1.0
1 72.82517241379311 7.282517241379312
0 0 1.0
0 0 1.0
0 0 1.0
0 0 1.0
0 0 1.0
0 0 1.0
0 0 1.0
0 0 1.0
0 0 1.0
0 0 1.0
0 0 1.0
0 0 1.0
0 0 1.0
0 0 1.0
0 0 1.0
0 0 1.0
0 0 1.0
0 0 1.0
0 0 1.0
0 0 1.0
0 0 1.0
0 0 1.0
0 0 1.0
0 0 1.0
0 0 1.0
0 0 1.0
0 0 1.0
0 0 1.0
0 0 1.0
0 0 1.0
0 0 1.0
1 41.839062500000004 4.183906250000001
1 37.003461538461536 3.7003461538461537
1 15.2126213592233 1.5212621359223302
1 53.424568965517246 5.342456896551725
1 31.59140625 3.159140625
1 67.40645161290323 6.740645161290323
1 66.03396946564885 6.603396946564885
1 19.578682170542635 1.9578682170542636
1 64.9469465648855 6.49469465648855
1 61.83888888888889 6.183888888888889
1 25.339024390243903 2.5339024390243905
1 69.85650406504065 6.985650406504066
1 56.60327868852459 5.660327868852459
1 76.17115384615384 7.617115384615385
1 77.18192307692307 7.718192307692307
1 84.73425196850394 8.473425196850394
1 13.62892561983471 1.362892561983471
1 134.315 13.4315
1 49.02182539682539 4.902182539682539
1 53.95271317829457 5.395271317829458
1 23.485164835164834 2.3485164835164833
1 63.22441860465116 6.3224418604651165
1 33.96201550387597 3.396201550387597
1 86.23555555555555 8.623555555555555
0 0 1.0
0 0 1.0
1 83.42477876106196 8.342477876106196
1 10.6984 1.06984
1 7.900729927007299 0.79007299270073
1 53.806910569105696 5.38069105691057
1 46.08645833333334 4.608645833333334
1 68.90820895522388 6.890820895522388
1 110.25714285714287 11.025714285714287
1 56.8438524590164 5.68438524590164
1 55.331818181818186 5.533181818181819
1 32.02642276422764 3.2026422764227642
1 40.37537878787878 4.037537878787878
1 68.66844660194174 6.866844660194174
1 21.821212121212124 2.1821212121212126
1 27.04679487179487 2.704679487179487
1 67.95806451612903 6.795806451612903
1 16.68227848101266 1.668227848101266
1 42.49262295081967 4.249262295081968
1 19.06089108910891 1.9060891089108911
1 45.067676767676765 4.5067676767676765
1 15.164851485148514 1.5164851485148514
1 81.45327102803738 8.145327102803739
1 32.90058139534884 3.290058139534884
1 40.492553191489364 4.049255319148936
1 37.25879120879121 3.725879120879121
1 102.28717948717949 10.22871794871795
1 28.6125 2.86125
1 55.26359223300971 5.526359223300972
0 0 1.0
0 0 1.0
1 83.42477876106196 8.342477876106196
0 0 1.0
1 87.10779816513761 8.710779816513762
1 76.3 7.63
1 33.0406976744186 3.3040697674418604
1 41.358 4.1358
1 41.130578512396696 4.113057851239669
1 25.79017857142857 2.579017857142857
1 42.166399999999996 4.21664
1 31.650000000000002 3.1650000000000005
1 61.957480314960634 6.195748031496064
1 74.3644859813084 7.436448598130841
1 19.786178861788617 1.9786178861788617
1 63.31297709923664 6.331297709923664
1 60.88650793650793 6.088650793650793
1 28.016260162601625 2.8016260162601627
1 67.60396825396825 6.760396825396825
1 49.30669291338583 4.9306692913385834
1 74.10114503816794 7.410114503816795
1 77.17235772357724 7.717235772357724
0 0 1.0
1 6.403968253968254 0.6403968253968255
1 112.42798165137613 11.242798165137614
1 47.96048387096774 4.796048387096774
1 52.5740157480315 5.257401574803151
1 26.73361344537815 2.673361344537815
1 60.68178294573643 6.068178294573643
1 32.85450819672131 3.2854508196721315
0 0 1.0
0 0 1.0
1 10.6984 1.06984
1 87.10779816513761 8.710779816513762
0 0 1.0
1 11.053816793893128 1.105381679389313
1 59.103478260869565 5.910347826086957
1 33.390625 3.3390625000000003
1 31.55041666666667 3.1550416666666674
1 18.055454545454545 1.8055454545454546
1 43.09349593495935 4.309349593495935
1 22.176492537313433 2.2176492537313433
1 56.50813953488372 5.650813953488372
1 57.778409090909086 5.777840909090909
1 10.543430656934305 1.0543430656934305
1 57.139615384615375 5.713961538461538
1 52.495703125000006 5.249570312500001
1 17.90840336134454 1.790840336134454
1 57.904999999999994 5.7905
1 48.55578512396694 4.855578512396694
1 66.85340909090908 6.685340909090908
1 66.93992537313433 6.6939925373134335
1 80.87291666666667 8.087291666666667
1 9.1464 0.91464
1 109.77475247524752 10.977475247524753
1 40.11535433070866 4.011535433070867
1 45.918359375 4.5918359375
1 16.57590909090909 1.6575909090909091
1 53.18759398496241 5.318759398496241
1 26.486399999999996 2.64864
1 72.82517241379311 7.282517241379312
0 0 1.0
1 7.900729927007299 0.79007299270073
1 76.3 7.63
1 11.053816793893128 1.105381679389313
0 0 1.0
1 50.52432432432432 5.052432432432433
1 21.7565 2.17565
1 18.835051546391753 1.8835051546391754
1 66.22010309278352 6.622010309278352
1 48.034210526315796 4.80342105263158
1 26.775238095238095 2.6775238095238096
1 33.384873949579834 3.3384873949579834
1 41.44523809523809 4.144523809523809
1 40.411574074074075 4.0411574074074075
1 29.612234042553194 2.9612234042553194
1 22.20174418604651 2.220174418604651
1 30.71842105263158 3.0718421052631584
1 29.3025 2.93025
1 32.99404761904762 3.2994047619047624
1 40.06041666666667 4.006041666666667
1 50.59198113207547 5.059198113207547
0 0 1.0
1 53.53274336283186 5.353274336283186
1 76.10208333333334 7.610208333333334
1 18.65772727272727 1.8657727272727271
1 22.707766990291262 2.2707766990291263
1 39.56461538461538 3.956461538461538
1 29.17095238095238 2.917095238095238
1 31.017592592592592 3.1017592592592593
0 0 1.0
0 0 1.0
1 53.806910569105696 5.38069105691057
1 33.0406976744186 3.3040697674418604
1 59.103478260869565 5.910347826086957
1 50.52432432432432 5.052432432432433
0 0 1.0
